4000.000000 0.000000000000 0.000000000000 nan
4005.000000 0.000000000000 0.000000000000 nan
4010.000000 0.000000000000 0.000000000000 nan
4015.000000 0.000000000000 0.000000000000 nan
4020.000000 0.000000000000 0.000000000000 nan
4025.000000 0.000000000000 0.000000000000 nan
4030.000000 0.000000000000 0.000000000000 nan
4035.000000 0.000000000000 0.000000000000 nan
4040.000000 0.000000000000 0.000000000000 nan
4045.000000 0.000000000000 0.000000000000 nan
4050.000000 0.000000000000 0.000000000000 nan
4055.000000 0.000000000000 0.000000000000 nan
4060.000000 0.000000000000 0.000000000000 nan
4065.000000 0.000000000000 0.000000000000 nan
4070.000000 0.000000000000 0.000000000000 nan
4075.000000 0.000000000000 0.000000000000 nan
4080.000000 0.000000000000 0.000000000000 nan
4085.000000 0.000000000000 0.000000000000 nan
4090.000000 0.000000000000 0.000000000000 nan
4095.000000 0.000000000000 0.000000000000 nan
4100.000000 0.000000000000 0.000000000000 nan
4105.000000 0.000000000000 0.000000000000 nan
4110.000000 0.000000000000 0.000000000000 nan
4115.000000 0.000000000000 0.000000000000 nan
4120.000000 0.000000000000 0.000000000000 nan
4125.000000 0.000000000000 0.000000000000 nan
4130.000000 0.000000000000 0.000000000000 nan
4135.000000 0.000000000000 0.000000000000 nan
4140.000000 0.000000000000 0.000000000000 nan
4145.000000 0.000000000000 0.000000000000 nan
4150.000000 0.000000000000 0.000000000000 nan
4155.000000 0.000000000000 0.000000000000 nan
4160.000000 0.000000000000 0.000000000000 nan
4165.000000 0.000000000000 0.000000000000 nan
4170.000000 0.000000000000 0.000000000000 nan
4175.000000 0.000000000000 0.000000000000 nan
4180.000000 0.000000000000 0.000000000000 nan
4185.000000 0.000000000000 0.000000000000 nan
4190.000000 0.000000000000 0.000000000000 nan
4195.000000 0.000000000000 0.000000000000 nan
4200.000000 0.000000000000 0.000000000000 nan
4205.000000 0.000000000000 0.000000000000 nan
4210.000000 0.000000000000 0.000000000000 nan
4215.000000 0.000000000000 0.000000000000 nan
4220.000000 0.000000000000 0.000000000000 nan
4225.000000 0.000000000000 0.000000000000 nan
4230.000000 0.000000000000 0.000000000000 nan
4235.000000 0.000000000000 0.000000000000 nan
4240.000000 0.000000000000 0.000000000000 nan
4245.000000 0.000000000000 0.000000000000 nan
4250.000000 0.000000000000 0.000000000000 nan
4255.000000 0.000000000000 0.000000000000 nan
4260.000000 0.000000000000 0.000000000000 nan
4265.000000 0.000000000000 0.000000000000 nan
4270.000000 0.000000000000 0.000000000000 nan
4275.000000 0.000000000000 0.000000000000 nan
4280.000000 0.000000000000 0.000000000000 nan
4285.000000 0.000000000000 0.000000000000 nan
4290.000000 0.000000000000 0.000000000000 nan
4295.000000 0.000000000000 0.000000000000 nan
4300.000000 0.000000000000 0.000000000000 nan
4305.000000 0.000000000000 0.000000000000 nan
4310.000000 0.000000000000 0.000000000000 nan
4315.000000 0.000000000000 0.000000000000 nan
4320.000000 0.000000000000 0.000000000000 nan
4325.000000 0.000000000000 0.000000000000 nan
4330.000000 0.000000000000 0.000000000000 nan
4335.000000 0.000000000000 0.000000000000 nan
4340.000000 0.000000000000 0.000000000000 nan
4345.000000 0.000000000000 0.000000000000 nan
4350.000000 0.000000000000 0.000000000000 nan
4355.000000 0.000000000000 0.000000000000 nan
4360.000000 0.000000000000 0.000000000000 nan
4365.000000 0.000000000000 0.000000000000 nan
4370.000000 0.000000000000 0.000000000000 nan
4375.000000 0.000000000000 0.000000000000 nan
4380.000000 0.000000000000 0.000000000000 nan
4385.000000 0.000000000000 0.000000000000 nan
4390.000000 0.000000000000 0.000000000000 nan
4395.000000 0.000000000000 0.000000000000 nan
4400.000000 0.000000000000 0.000000000000 nan
4405.000000 0.000000000000 0.000000000000 nan
4410.000000 0.000000000000 0.000000000000 nan
4415.000000 0.000000000000 0.000000000000 nan
4420.000000 0.000000000000 0.000000000000 nan
4425.000000 0.000000000000 0.000000000000 nan
4430.000000 0.000000000000 0.000000000000 nan
4435.000000 0.000000000000 0.000000000000 nan
4440.000000 0.000000000000 0.000000000000 nan
4445.000000 0.000000000000 0.000000000000 nan
4450.000000 0.000000000000 0.000000000000 nan
4455.000000 0.000000000000 0.000000000000 nan
4460.000000 0.000000000000 0.000000000000 nan
4465.000000 0.000000000000 0.000000000000 nan
4470.000000 0.000000000000 0.000000000000 nan
4475.000000 0.000000000000 0.000000000000 nan
4480.000000 0.000000000000 0.000000000000 nan
4485.000000 0.000000000000 0.000000000000 nan
4490.000000 0.000000000000 0.000000000000 nan
4495.000000 0.000000000000 0.000000000000 nan
4500.000000 0.000000000000 0.000000000000 nan
4505.000000 0.000000000000 0.000000000000 nan
4510.000000 0.000000000000 0.000000000000 nan
4515.000000 0.000000000000 0.000000000000 nan
4520.000000 0.000000000000 0.000000000000 nan
4525.000000 0.000000000000 0.000000000000 nan
4530.000000 0.000000000000 0.000000000000 nan
4535.000000 0.000000000000 0.000000000000 nan
4540.000000 0.000000000000 0.000000000000 nan
4545.000000 0.000000000000 0.000000000000 nan
4550.000000 0.000000000000 0.000000000000 nan
4555.000000 0.000000000000 0.000000000000 nan
4560.000000 0.000000000000 0.000000000000 nan
4565.000000 0.000000000000 0.000000000000 nan
4570.000000 0.000000000000 0.000000000000 nan
4575.000000 0.000000000000 0.000000000000 nan
4580.000000 0.000000000000 0.000000000000 nan
4585.000000 0.000000000000 0.000000000000 nan
4590.000000 0.000000000000 0.000000000000 nan
4595.000000 0.000000000000 0.000000000000 nan
4600.000000 0.000000000000 0.000000000000 nan
4605.000000 0.000000000000 0.000000000000 nan
4610.000000 0.000000000000 0.000000000000 nan
4615.000000 0.000000000000 0.000000000000 nan
4620.000000 0.000000000000 0.000000000000 nan
4625.000000 0.000000000000 0.000000000000 nan
4630.000000 0.000000000000 0.000000000000 nan
4635.000000 0.000000000000 0.000000000000 nan
4640.000000 0.000000000000 0.000000000000 nan
4645.000000 0.000000000000 0.000000000000 nan
4650.000000 0.000000000000 0.000000000000 nan
4655.000000 0.000000000000 0.000000000000 nan
4660.000000 0.000000000000 0.000000000000 nan
4665.000000 0.000000000000 0.000000000000 nan
4670.000000 0.000000000000 0.000000000000 nan
4675.000000 0.000000000000 0.000000000000 nan
4680.000000 0.000000000000 0.000000000000 nan
4685.000000 0.000000000000 0.000000000000 nan
4690.000000 0.000000000000 0.000000000000 nan
4695.000000 0.000000000000 0.000000000000 nan
4700.000000 0.000000000000 0.000000000000 nan
4705.000000 0.000000000000 0.000000000000 nan
4710.000000 0.000000000000 0.000000000000 nan
4715.000000 0.000000000000 0.000000000000 nan
4720.000000 0.000000000000 0.000000000000 nan
4725.000000 0.000000000000 0.000000000000 nan
4730.000000 0.000000000000 0.000000000000 nan
4735.000000 0.000000000000 0.000000000000 nan
4740.000000 0.000000000000 0.000000000000 nan
4745.000000 0.000000000000 0.000000000000 nan
4750.000000 0.000000000000 0.000000000000 nan
4755.000000 0.000000000000 0.000000000000 nan
4760.000000 0.000000000000 0.000000000000 nan
4765.000000 0.000000000000 0.000000000000 nan
4770.000000 0.000000000000 0.000000000000 nan
4775.000000 0.000000000000 0.000000000000 nan
4780.000000 0.000000000000 0.000000000000 nan
4785.000000 0.000000000000 0.000000000000 nan
4790.000000 0.000000000000 0.000000000000 nan
4795.000000 0.000000000000 0.000000000000 nan
4800.000000 0.000000000000 0.000000000000 nan
4805.000000 0.000000000000 0.000000000000 nan
4810.000000 0.000000000000 0.000000000000 nan
4815.000000 0.000000000000 0.000000000000 nan
4820.000000 0.000000000000 0.000000000000 nan
4825.000000 0.000000000000 0.000000000000 nan
4830.000000 0.000000000000 0.000000000000 nan
4835.000000 0.000000000000 0.000000000000 nan
4840.000000 0.000000000000 0.000000000000 nan
4845.000000 0.000000000000 0.000000000000 nan
4850.000000 0.000000000000 0.000000000000 nan
4855.000000 0.000000000000 0.000000000000 nan
4860.000000 0.000000000000 0.000000000000 nan
4865.000000 0.000000000000 0.000000000000 nan
4870.000000 0.000000000000 0.000000000000 nan
4875.000000 0.000000000000 0.000000000000 nan
4880.000000 0.000000000000 0.000000000000 nan
4885.000000 0.000000000000 0.000000000000 nan
4890.000000 0.000000000000 0.000000000000 nan
4895.000000 0.000000000000 0.000000000000 nan
4900.000000 0.000000000000 0.000000000000 nan
4905.000000 0.000000000000 0.000000000000 nan
4910.000000 0.000000000000 0.000000000000 nan
4915.000000 0.000000000000 0.000000000000 nan
4920.000000 0.000000000000 0.000000000000 nan
4925.000000 0.000000000000 0.000000000000 nan
4930.000000 0.000000000000 0.000000000000 nan
4935.000000 0.000000000000 0.000000000000 nan
4940.000000 0.000000000000 0.000000000000 nan
4945.000000 0.000000000000 0.000000000000 nan
4950.000000 0.000000000000 0.000000000000 nan
4955.000000 0.000000000000 0.000000000000 nan
4960.000000 0.000000000000 0.000000000000 nan
4965.000000 0.000000000000 0.000000000000 nan
4970.000000 0.000000000000 0.000000000000 nan
4975.000000 0.000000000000 0.000000000000 nan
4980.000000 0.000000000000 0.000000000000 nan
4985.000000 0.000000000000 0.000000000000 nan
4990.000000 0.000000000000 0.000000000000 nan
4995.000000 0.000000000000 0.000000000000 nan
5000.000000 0.000000000000 0.000000000000 nan
5005.000000 0.000000000000 0.000000000000 nan
5010.000000 0.000000000000 0.000000000000 nan
5015.000000 0.000000000000 0.000000000000 nan
5020.000000 0.000000000000 0.000000000000 nan
5025.000000 0.000000000000 0.000000000000 nan
5030.000000 0.000000000000 0.000000000000 nan
5035.000000 0.000000000000 0.000000000000 nan
5040.000000 0.000000000000 0.000000000000 nan
5045.000000 0.000000000000 0.000000000000 nan
5050.000000 0.000000000000 0.000000000000 nan
5055.000000 0.000000000000 0.000000000000 nan
5060.000000 0.000000000000 0.000000000000 nan
5065.000000 0.000000000000 0.000000000000 nan
5070.000000 0.000000000000 0.000000000000 nan
5075.000000 0.000000000000 0.000000000000 nan
5080.000000 0.000000000000 0.000000000000 nan
5085.000000 0.000000000000 0.000000000000 nan
5090.000000 0.000000000000 0.000000000000 nan
5095.000000 0.000000000000 0.000000000000 nan
5100.000000 0.000000000000 0.000000000000 nan
5105.000000 0.000000000000 0.000000000000 nan
5110.000000 0.000000000000 0.000000000000 nan
5115.000000 0.000000000000 0.000000000000 nan
5120.000000 0.000000000000 0.000000000000 nan
5125.000000 0.000000000000 0.000000000000 nan
5130.000000 0.000000000000 0.000000000000 nan
5135.000000 0.000000000000 0.000000000000 nan
5140.000000 0.000000000000 0.000000000000 nan
5145.000000 0.000000000000 0.000000000000 nan
5150.000000 0.000000000000 0.000000000000 nan
5155.000000 0.000000000000 0.000000000000 nan
5160.000000 0.000000000000 0.000000000000 nan
5165.000000 0.000000000000 0.000000000000 nan
5170.000000 0.000000000000 0.000000000000 nan
5175.000000 0.000000000000 0.000000000000 nan
5180.000000 0.000000000000 0.000000000000 nan
5185.000000 0.000000000000 0.000000000000 nan
5190.000000 0.000000000000 0.000000000000 nan
5195.000000 0.000000000000 0.000000000000 nan
5200.000000 0.000000000000 0.000000000000 nan
5205.000000 0.000000000000 0.000000000000 nan
5210.000000 0.000000000000 0.000000000000 nan
5215.000000 0.000000000000 0.000000000000 nan
5220.000000 0.000000000000 0.000000000000 nan
5225.000000 0.000000000000 0.000000000000 nan
5230.000000 0.000000000000 0.000000000000 nan
5235.000000 0.000000000000 0.000000000000 nan
5240.000000 0.000000000000 0.000000000000 nan
5245.000000 0.000000000000 0.000000000000 nan
5250.000000 0.000000000000 0.000000000000 nan
5255.000000 0.000000000000 0.000000000000 nan
5260.000000 0.000000000000 0.000000000000 nan
5265.000000 0.000000000000 0.000000000000 nan
5270.000000 0.000000000000 0.000000000000 nan
5275.000000 0.000000000000 0.000000000000 nan
5280.000000 0.000000000000 0.000000000000 nan
5285.000000 0.000000000000 0.000000000000 nan
5290.000000 0.000000000000 0.000000000000 nan
5295.000000 0.000000000000 0.000000000000 nan
5300.000000 0.000000000000 0.000000000000 nan
5305.000000 0.000000000000 0.000000000000 nan
5310.000000 0.000000000000 0.000000000000 nan
5315.000000 0.000000000000 0.000000000000 nan
5320.000000 0.000000000000 0.000000000000 nan
5325.000000 0.000000000000 0.000000000000 nan
5330.000000 0.000000000000 0.000000000000 nan
5335.000000 0.000000000000 0.000000000000 nan
5340.000000 0.000000000000 0.000000000000 nan
5345.000000 0.000000000000 0.000000000000 nan
5350.000000 0.000000000000 0.000000000000 nan
5355.000000 0.000000000000 0.000000000000 nan
5360.000000 0.000000000000 0.000000000000 nan
5365.000000 0.000000000000 0.000000000000 nan
5370.000000 0.000000000000 0.000000000000 nan
5375.000000 0.000000000000 0.000000000000 nan
5380.000000 0.000000000000 0.000000000000 nan
5385.000000 0.000000000000 0.000000000000 nan
5390.000000 0.000000000000 0.000000000000 nan
5395.000000 0.000000000000 0.000000000000 nan
5400.000000 0.000000000000 0.000000000000 nan
5405.000000 0.000000000000 0.000000000000 nan
5410.000000 0.000000000000 0.000000000000 nan
5415.000000 0.000062748024 0.006028586385 0.010408414219
5420.000000 0.000074829000 0.006411744590 0.011670614612
5425.000000 0.000086214063 0.006782904041 0.012710494317
5430.000000 0.000096454556 0.007130641129 0.013526771832
5435.000000 0.000105329069 0.007445335637 0.014146987294
5440.000000 0.000112757209 0.007719303911 0.014607173209
5445.000000 0.000118744954 0.007946765578 0.014942551562
5450.000000 0.000123344594 0.008123707434 0.015183288581
5455.000000 0.000126624590 0.008247689906 0.015352734147
5460.000000 0.000128648732 0.008317627642 0.015466998288
5465.000000 0.000129464641 0.008333565475 0.015535324200
5470.000000 0.000129100977 0.008296463588 0.015560964734
5475.000000 0.000127571698 0.008208000230 0.015542360405
5480.000000 0.000124884959 0.008070396513 0.015474451441
5485.000000 0.000121054024 0.007886265036 0.015349981747
5490.000000 0.000116107842 0.007658482301 0.015160685608
5495.000000 0.000110099591 0.007390083680 0.014898287434
5500.000000 0.000103112234 0.007084178993 0.014555283596
5505.000000 0.000095260812 0.006743886438 0.014125506558
5510.000000 0.000086691668 0.006372282478 0.013604492256
5515.000000 0.000077579129 0.005972365381 0.012989682346
5520.000000 0.000068120282 0.005547030209 0.012280495941
5525.000000 0.000058528482 0.005099053322 0.011478303562
5530.000000 0.000049026198 0.004631084636 0.010586331603
5535.000000 0.000039837671 0.004145646155 0.009609520283
5540.000000 0.000031181775 0.003645135490 0.008554352806
5545.000000 0.000023265352 0.003131833311 0.007428668814
5550.000000 0.000016277219 0.002607913837 0.006241471274
5555.000000 0.000010382960 0.002075457660 0.005002732813
5560.000000 0.000005720579 0.001536466304 0.003723205024
5565.000000 0.000002397038 0.000992878063 0.002414232402
5570.000000 0.000000485693 0.000446584718 0.001087571159
5575.000000 0.000000024614 0.000100551159 0.000244787811
5580.000000 0.000001015798 0.000646678604 0.001570793205
5585.000000 0.000003425252 0.001189940578 0.002878506581
5590.000000 0.000007183943 0.001728456443 0.004156276463
5595.000000 0.000012189632 0.002260304829 0.005392914983
5600.000000 0.000018309571 0.002783507155 0.006577878325
5605.000000 0.000025384077 0.003296012111 0.007701451519
5610.000000 0.000033230952 0.003795681474 0.008754937067
5615.000000 0.000041650721 0.004280277726 0.009730845389
5620.000000 0.000050432599 0.004747454031 0.010623083107
5625.000000 0.000059361066 0.005194747284 0.011427132567
5630.000000 0.000068222837 0.005619575086 0.012140212715
5635.000000 0.000076813944 0.006019237666 0.012761407382
5640.000000 0.000084946541 0.006390926017 0.013291742220
5645.000000 0.000092454939 0.006731737664 0.013734186255
5650.000000 0.000099200287 0.007038701781 0.014093548823
5655.000000 0.000105073276 0.007308815542 0.014376238639
5660.000000 0.000109994254 0.007539093835 0.014589850784
5665.000000 0.000113910312 0.007726634609 0.014742551898
5670.000000 0.000116789218 0.007868702184 0.014842246547
5675.000000 0.000118610589 0.007962830801 0.014895530490
5680.000000 0.000119355357 0.008006950360 0.014906469009
5685.000000 0.000118995305 0.007999535709 0.014875276465
5690.000000 0.000117485000 0.007939779734 0.014797009946
5695.000000 0.000114758668 0.007827788824 0.014660419557
5700.000000 0.000110734274 0.007664796651 0.014447124876
5705.000000 0.000105326349 0.007453388375 0.014131337753
5710.000000 0.000098468362 0.007197721785 0.013680490104
5715.000000 0.000090145256 0.006903723746 0.013057483062
5720.000000 0.000080438498 0.006579228571 0.012226129061
5725.000000 0.000069592551 0.006234008219 0.011163371765
5730.000000 0.000058130167 0.005879621915 0.009886718577
5735.000000 0.000047086803 0.005528987868 0.008516351364
5740.000000 0.000038449794 0.005195565274 0.007400502527
5745.000000 0.000035243691 0.004892063262 0.007204259069
5750.000000 0.000039055363 0.004628715901 0.008437623740
5755.000000 0.000047657020 0.004411408757 0.010803129582
5760.000000 0.000057890378 0.004240228664 0.013652654846
5765.000000 0.000067694444 0.004109090080 0.016474314856
5770.000000 0.000075871822 0.004006748762 0.018936006937
5775.000000 0.000081704803 0.003918884341 0.020848995732
5780.000000 0.000084783137 0.003830489920 0.022133758013
5785.000000 0.000084937598 0.003727853891 0.022784583402
5790.000000 0.000082210144 0.003599797846 0.022837433446
5795.000000 0.000076832323 0.003438199545 0.022346673743
5800.000000 0.000069201139 0.003238006081 0.021371528577
5805.000000 0.000059848837 0.002996957078 0.019969867805
5810.000000 0.000049406383 0.002715181746 0.018196344636
5815.000000 0.000038562057 0.002394769778 0.016102615722
5820.000000 0.000028017415 0.002039368046 0.013738282728
5825.000000 0.000018443243 0.001653824882 0.011151871957
5830.000000 0.000010438168 0.001243886715 0.008391574657
5835.000000 0.000004492322 0.000815942869 0.005505682530
5840.000000 0.000000958134 0.000376809961 0.002542750983
5845.000000 0.000000029801 0.000066454714 0.000448438014
5850.000000 0.000001732498 0.000506722220 0.003419028935
5855.000000 0.000005921814 0.000936955234 0.006320274296
5860.000000 0.000012293373 0.001350377401 0.009103656927
5865.000000 0.000020402049 0.001740660727 0.011720864624
5870.000000 0.000029689680 0.002102142776 0.014123531663
5875.000000 0.000039519683 0.002430084716 0.016262677011
5880.000000 0.000049216575 0.002720979291 0.018087816896
5885.000000 0.000058108106 0.002972913144 0.019545847264
5890.000000 0.000065567566 0.003185978070 0.020580042974
5895.000000 0.000071053968 0.003362706631 0.021129993257
5900.000000 0.000074148276 0.003508473434 0.021134056633
5905.000000 0.000074584789 0.003631749780 0.020536874332
5910.000000 0.000072278727 0.003744031230 0.019305054407
5915.000000 0.000067354921 0.003859206850 0.017453047701
5920.000000 0.000060191607 0.003992179649 0.015077379356
5925.000000 0.000051515984 0.004156769755 0.012393273286
5930.000000 0.000042637724 0.004363326417 0.009771839204
5935.000000 0.000035899290 0.004616809445 0.007775779101
5940.000000 0.000034570961 0.004916035925 0.007032284071
5945.000000 0.000040025514 0.005254270365 0.007617711124
5950.000000 0.000050043272 0.005620752609 0.008903304492
5955.000000 0.000061922598 0.006002522262 0.010316096283
5960.000000 0.000074026137 0.006386041252 0.011591866346
5965.000000 0.000085475732 0.006758392429 0.012647346675
5970.000000 0.000095802694 0.007108040572 0.013478073573
5975.000000 0.000104773481 0.007425236838 0.014110456500
5980.000000 0.000112300098 0.007702166015 0.014580326869
5985.000000 0.000118384060 0.007932922282 0.014923133755
5990.000000 0.000123075578 0.008113378436 0.015169460994
5995.000000 0.000126442780 0.008240995122 0.015343144632
6000.000000 0.000128550240 0.008314602399 0.015460780183
6005.000000 0.000129446852 0.008334175514 0.015532052596
6010.000000 0.000129162494 0.008300619126 0.015560585579
6015.000000 0.000127711875 0.008215568655 0.015545104758
6020.000000 0.000125103209 0.008081213503 0.015480745445
6025.000000 0.000121349065 0.007900144051 0.015360361020
6030.000000 0.000116477029 0.007675222491 0.015175720225
6035.000000 0.000110538428 0.007409476322 0.014918520957
6040.000000 0.000103614100 0.007106012601 0.014581187142
6045.000000 0.000095816904 0.006767950706 0.014157447128
6050.000000 0.000087291145 0.006398371220 0.013642713454
6055.000000 0.000078209403 0.006000278611 0.013034295193
6060.000000 0.000068767415 0.005576575517 0.012331477449
6065.000000 0.000059177658 0.005130046656 0.011535500981
6070.000000 0.000049662215 0.004663350617 0.010649470589
6075.000000 0.000040445437 0.004179018003 0.009678215595
6080.000000 0.000031746778 0.003679454653 0.008628120494
6085.000000 0.000023774092 0.003166948852 0.007506939141
6090.000000 0.000016717590 0.002643681646 0.006323601863
6095.000000 0.000010744577 0.002111739523 0.005088021695
6100.000000 0.000005995042 0.001573128875 0.003810903415
6105.000000 0.000002578143 0.001029791755 0.002503557142
6110.000000 0.000000569570 0.000483622556 0.001177716837
6115.000000 0.000000009822 0.000063514729 0.000154636972
6120.000000 0.000000903343 0.000609768908 0.001481451603
6125.000000 0.000003218556 0.001153283908 0.002790775497
6130.000000 0.000006888755 0.001692181235 0.004070932207
6135.000000 0.000011813872 0.002224542809 0.005310696826
6140.000000 0.000017863124 0.002748394423 0.006499476144
6145.000000 0.000024878519 0.003261690157 0.007627493151
6150.000000 0.000032679229 0.003762298087 0.008685975448
6155.000000 0.000041066766 0.004247987764 0.009667345667
6160.000000 0.000049830912 0.004716420014 0.010565410081
6165.000000 0.000058756249 0.005165139749 0.011375538988
6170.000000 0.000067629116 0.005591572647 0.012094829242
6175.000000 0.000076244696 0.005993026708 0.012722235274
6180.000000 0.000084413847 0.006366699915 0.013258650210
6185.000000 0.000091969214 0.006709695446 0.013706913390
6190.000000 0.000098770019 0.007019046092 0.014071715409
6195.000000 0.000104704916 0.007291749788 0.014359367608
6200.000000 0.000109692300 0.007524818347 0.014577401744
6205.000000 0.000113677610 0.007715341680 0.014733969579
6210.000000 0.000116627464 0.007860569811 0.014837024194
6215.000000 0.000118521000 0.007958014994 0.014893286891
6220.000000 0.000119339403 0.008005575896 0.014907035399
6225.000000 0.000119055370 0.008001685266 0.014878786937
6230.000000 0.000117624802 0.007945481437 0.014803986703
6235.000000 0.000114983265 0.007837002370 0.014671842542
6240.000000 0.000111049523 0.007677398389 0.014464473221
6245.000000 0.000105737744 0.007469156031 0.014156585253
6250.000000 0.000098979208 0.007216319972 0.013716022656
6255.000000 0.000090754117 0.006924692043 0.013105870450
6260.000000 0.000081135630 0.006601974894 0.012289599886
6265.000000 0.000070354336 0.006257811527 0.011242642162
6270.000000 0.000058908658 0.005903649946 0.009978345430
6275.000000 0.000047787811 0.005552337187 0.008606791904
6280.000000 0.000038899116 0.005217331055 0.007455750091
6285.000000 0.000035235239 0.004911441907 0.007174112863
6290.000000 0.000038606913 0.004645131405 0.008311264016
6295.000000 0.000046993029 0.004424633864 0.010620772457
6300.000000 0.000057193699 0.004250455597 0.013455898363
6305.000000 0.000067071671 0.004116912326 0.016291741355
6310.000000 0.000075385944 0.004013051742 0.018785191251
6315.000000 0.000081393576 0.003924685274 0.020738879830
6320.000000 0.000084666280 0.003836782566 0.022066999850
6325.000000 0.000085019651 0.003735496399 0.022759933778
6330.000000 0.000082482038 0.003609453238 0.022851670978
6335.000000 0.000077272857 0.003450319041 0.022395858533
6340.000000 0.000069778787 0.003252839593 0.021451653206
6345.000000 0.000060524001 0.003014577406 0.020077109747
6350.000000 0.000050134047 0.002735513505 0.018327106369
6355.000000 0.000039294697 0.002417618025 0.016253476107
6360.000000 0.000028708011 0.002064444212 0.013905927121
6365.000000 0.000019048211 0.001680769201 0.011333031800
6370.000000 0.000010920024 0.001272287165 0.008582986951
6375.000000 0.000004821941 0.000845351093 0.005704069604
6380.000000 0.000001116467 0.000406754822 0.002744816678
6385.000000 0.000000008968 0.000036455178 0.000246001198
6390.000000 0.000001536197 0.000477149671 0.003219527591
6395.000000 0.000005565034 0.000908279917 0.006127002698
6400.000000 0.000011801430 0.001323046243 0.008919892418
6405.000000 0.000019809005 0.001715083837 0.011549875771
6410.000000 0.000029036225 0.002078677568 0.013968604697
6415.000000 0.000038850612 0.002409016944 0.016127164326
6420.000000 0.000048578004 0.002702500492 0.017975206449
6425.000000 0.000057544586 0.002957094420 0.019459840419
6430.000000 0.000065119258 0.003172741055 0.020524605389
6435.000000 0.000070754037 0.003351794171 0.021109302580
6440.000000 0.000074020582 0.003499425431 0.021152210175
6445.000000 0.000074641911 0.003623893871 0.020597156981
6450.000000 0.000072520147 0.003736502622 0.019408563095
6455.000000 0.000067764841 0.003851013251 0.017596626261
6460.000000 0.000060734956 0.003982319557 0.015251150716
6465.000000 0.000052128922 0.004144390769 0.012578186915
6470.000000 0.000043204872 0.004347881495 0.009936993853
6475.000000 0.000036221186 0.004598155799 0.007877328900
6480.000000 0.000034438920 0.004894442021 0.007036332145
6485.000000 0.000039476923 0.005230339495 0.007547678816
6490.000000 0.000049281646 0.005595303022 0.008807681354
6495.000000 0.000061097922 0.005976465899 0.010223085443
6500.000000 0.000073220129 0.006360286169 0.011512080845
6505.000000 0.000084732168 0.006733776034 0.012583158029
6510.000000 0.000095144560 0.007085290483 0.013428462877
6515.000000 0.000104211239 0.007404952688 0.014073180997
6520.000000 0.000111836355 0.007684815744 0.014552899932
6525.000000 0.000118016776 0.007918847761 0.014903276235
6530.000000 0.000122800491 0.008102806655 0.015155303139
6535.000000 0.000126255200 0.008234052277 0.015333300797
6540.000000 0.000128446204 0.008311329064 0.015454351830
6545.000000 0.000129423655 0.008334541685 0.015528586907
6550.000000 0.000129218667 0.008304538361 0.015560005991
6555.000000 0.000127846742 0.008222910873 0.015547625871
6560.000000 0.000125316202 0.008091816213 0.015486782984
6565.000000 0.000121638971 0.007913821948 0.015370445702
6570.000000 0.000116841315 0.007691775476 0.015190421884
6575.000000 0.000110972733 0.007428696029 0.014938386567
6580.000000 0.000104111951 0.007127687595 0.014606693879
6585.000000 0.000096369645 0.006791870499 0.014188969776
6590.000000 0.000087888065 0.006424329272 0.013680504365
6595.000000 0.000078838018 0.006028074466 0.013078474484
6600.000000 0.000069413867 0.005606016220 0.012382031125
6605.000000 0.000059827174 0.005160947576 0.011592284858
6610.000000 0.000050299604 0.004695535785 0.010712218240
6615.000000 0.000041055584 0.004212320066 0.009746548914
6620.000000 0.000032315116 0.003713714517 0.008701561813
6625.000000 0.000024287041 0.003202015089 0.007584924117
6630.000000 0.000017162939 0.002679409711 0.006405492624
6635.000000 0.000011111814 0.002147990836 0.005173119901
6640.000000 0.000006275628 0.001609769793 0.003898463054
6645.000000 0.000002765717 0.001066692475 0.002592796995
6650.000000 0.000000660105 0.000520655960 0.001267832625
6655.000000 0.000000001707 0.000026474252 0.000064460698
6660.000000 0.000000797420 0.000572846661 0.001392029704
6665.000000 0.000003018086 0.001116606080 0.002702910514
6670.000000 0.000006599333 0.001655876083 0.003985402518
6675.000000 0.000011443277 0.002188741799 0.005228244598
6680.000000 0.000017421115 0.002713233326 0.006420794994
6685.000000 0.000024376568 0.003227310068 0.007553215522
6690.000000 0.000032130200 0.003728846343 0.008616659753
6695.000000 0.000040484540 0.004215618724 0.009603463403
6700.000000 0.000049229963 0.004685295663 0.010507333224
6705.000000 0.000058151187 0.005135430077 0.011323528217
6710.000000 0.000067034210 0.005563455727 0.012049023751
6715.000000 0.000075673392 0.005966688415 0.012682645239
6720.000000 0.000083878329 0.006342333187 0.013225153325
6725.000000 0.000091480019 0.006687498985 0.013679257242
6730.000000 0.000098335769 0.006999222378 0.014049527799
6735.000000 0.000104332200 0.007274502283 0.014342177140
6740.000000 0.000109385744 0.007510347736 0.014564670953
6745.000000 0.000113440155 0.007703840979 0.014725142369
6750.000000 0.000116460867 0.007852218213 0.014831588231
6755.000000 0.000118426486 0.007952970272 0.014890849801
6760.000000 0.000119318401 0.008003965266 0.014907411175
6765.000000 0.000119110187 0.008003594633 0.014882086363
6770.000000 0.000117759058 0.007950943044 0.014810703267
6775.000000 0.000115201939 0.007845981008 0.014682923492
6780.000000 0.000111358448 0.007689776532 0.014481363384
6785.000000 0.000106142488 0.007484718560 0.014181226407
6790.000000 0.000099483296 0.007234739576 0.013750777809
6795.000000 0.000091356531 0.006945517053 0.013153308913
6800.000000 0.000081827334 0.006624622189 0.012352000122
6805.000000 0.000071112899 0.006281568444 0.011320882645
6810.000000 0.000059688297 0.005927690781 0.010069401340
6815.000000 0.000048498510 0.005575761492 0.008698096274
6820.000000 0.000039372669 0.005239231214 0.007514970705
6825.000000 0.000035261052 0.004931003640 0.007150887359
6830.000000 0.000038181725 0.004661759190 0.008190411361
6835.000000 0.000046336827 0.004438073768 0.010440751864
6840.000000 0.000056495207 0.004260870899 0.013259075110
6845.000000 0.000066441551 0.004124871911 0.016107542919
6850.000000 0.000074889376 0.004019426058 0.018631858197
6855.000000 0.000081069719 0.003930487842 0.020625866947
6860.000000 0.000084535958 0.003843012872 0.021997313345
6865.000000 0.000085088376 0.003743024217 0.022732520794
6870.000000 0.000082741619 0.003618955726 0.022863396358
6875.000000 0.000077702862 0.003462261651 0.022442804748
6880.000000 0.000070348323 0.003267485201 0.021529806104
6885.000000 0.000061193939 0.003032009909 0.020182631448
6890.000000 0.000050859645 0.002755666627 0.018456385124
6895.000000 0.000040028505 0.002440304062 0.016403081030
6900.000000 0.000029402883 0.002089380187 0.014072538458
6905.000000 0.000019660241 0.001707599535 0.011513379391
6910.000000 0.000011411240 0.001300602840 0.008773808272
6915.000000 0.000005162591 0.000874705761 0.005902088255
6920.000000 0.000001286777 0.000436678498 0.002946737618
6925.000000 0.000000000280 0.000006444080 0.000043485062
6930.000000 0.000001351426 0.000447533178 0.003019723318
6935.000000 0.000005218429 0.000879529410 0.005933205649
6940.000000 0.000011317652 0.001295610632 0.008735381001
6945.000000 0.000019221585 0.001689376195 0.011377918542
6950.000000 0.000028385479 0.002055059437 0.013812485421
6955.000000 0.000038181142 0.002387779600 0.015990228927
6960.000000 0.000047935929 0.002683842639 0.017860931218
6965.000000 0.000056974651 0.002941096210 0.019371910063
6970.000000 0.000064662011 0.003159335185 0.020466967574
6975.000000 0.000070443190 0.003340736456 0.021086126167
6980.000000 0.000073880692 0.003490270044 0.021167614859
6985.000000 0.000074686378 0.003615982611 0.020654518007
6990.000000 0.000072749400 0.003728982263 0.019509183693
6995.000000 0.000068164209 0.003842896989 0.017737714269
7000.000000 0.000061270879 0.003972601801 0.015423362826
7005.000000 0.000052740025 0.004132203760 0.012763171377
7010.000000 0.000043780368 0.004332653477 0.010104747218
7015.000000 0.000036567472 0.004579715305 0.007984660465
7020.000000 0.000034340051 0.004873031321 0.007046958882
7025.000000 0.000038950230 0.005206542760 0.007481015977
7030.000000 0.000048528754 0.005569927941 0.008712635944
7035.000000 0.000060274358 0.005950421487 0.010129426667
7040.000000 0.000072411170 0.006334483192 0.011431267279
7045.000000 0.000083983474 0.006709058199 0.012517922956
7050.000000 0.000094480201 0.007062393614 0.013377929119
7055.000000 0.000103642354 0.007384485330 0.014035149226
7060.000000 0.000111365968 0.007667254659 0.014524881876
7065.000000 0.000117643080 0.007904543051 0.014882970402
7070.000000 0.000122519313 0.008091992664 0.015140808663
7075.000000 0.000126061833 0.008226861551 0.015323198539
7080.000000 0.000128336611 0.008307807494 0.015447711181
7085.000000 0.000129395042 0.008334663586 0.015524926815
7090.000000 0.000129269492 0.008308220692 0.015559226990
7095.000000 0.000127976295 0.008230026136 0.015549925683
7100.000000 0.000125523931 0.008102203788 0.015492566521
7105.000000 0.000121923730 0.007927297808 0.015380238429
7110.000000 0.000117200679 0.007708140300 0.015204793111
7115.000000 0.000111402477 0.007447741832 0.014957886465
7120.000000 0.000104605748 0.007149203011 0.014631805531
7125.000000 0.000096918986 0.006815644871 0.014220075663
7130.000000 0.000088482369 0.006450155715 0.013717865538
7135.000000 0.000079464912 0.006055752061 0.013122220152
7140.000000 0.000070059570 0.005635351471 0.012432156305
7145.000000 0.000060476961 0.005191755273 0.011648653967
7150.000000 0.000050938295 0.004727639372 0.010774572816
7155.000000 0.000041668043 0.004245551613 0.009814518046
7160.000000 0.000032886728 0.003747914388 0.008774674171
7165.000000 0.000024804144 0.003237031360 0.007662620813
7170.000000 0.000017613218 0.002715097399 0.006487140352
7175.000000 0.000011484634 0.002184210988 0.005258024006
7180.000000 0.000006562307 0.001646388465 0.003985880354
7185.000000 0.000002959744 0.001103579639 0.002681948270
7190.000000 0.000000757288 0.000557684354 0.001357914778
7195.000000 0.000000000272 0.000010569697 0.000025737271
7200.000000 0.000000698043 0.000535912442 0.001302531192
7205.000000 0.000002823867 0.001079907685 0.002614915205
7210.000000 0.000006315711 0.001619541590 0.003899690805
7215.000000 0.000011077892 0.002152902421 0.005145561483
7220.000000 0.000016983597 0.002678024511 0.006341837780
7225.000000 0.000023878284 0.003192872520 0.007478621196
7230.000000 0.000031583930 0.003695326949 0.008546992150
7235.000000 0.000039904109 0.004183171347 0.009539200307
7240.000000 0.000048629820 0.004654081758 0.010448853735
7245.000000 0.000057545948 0.005105619084 0.011271100896
7250.000000 0.000066438180 0.005535225176 0.012002796289
7255.000000 0.000075100090 0.005940223671 0.012642636715
7260.000000 0.000083340035 0.006317826746 0.013191250403
7265.000000 0.000090987392 0.006665149209 0.013651216097
7270.000000 0.000097897568 0.006979231572 0.014026983819
7275.000000 0.000103955151 0.007257073950 0.014324664753
7280.000000 0.000109074598 0.007495682887 0.014551655839
7285.000000 0.000113197956 0.007692133332 0.014716067888
7290.000000 0.000116289431 0.007843648118 0.014825936824
7295.000000 0.000118327051 0.007947697223 0.014888218331
7300.000000 0.000119292362 0.008002118869 0.014907596811
7305.000000 0.000119159771 0.008005263962 0.014885176979
7310.000000 0.000117887792 0.007956164397 0.014817163965
7315.000000 0.000115414718 0.007854724203 0.014693669027
7320.000000 0.000111661075 0.007701930101 0.014497804294
7325.000000 0.000106540599 0.007500074465 0.014205272126
7330.000000 0.000099980623 0.007252978528 0.013784767516
7335.000000 0.000091952460 0.006966196103 0.013199809285
7340.000000 0.000082513511 0.006647167182 0.012413334668
7345.000000 0.000071868039 0.006305275168 0.011398081336
7350.000000 0.000060468687 0.005951740267 0.010159832910
7355.000000 0.000049218134 0.005599256583 0.008790119433
7360.000000 0.000039869359 0.005261261970 0.007577908007
7365.000000 0.000035321103 0.004950745682 0.007134501598
7370.000000 0.000037780944 0.004678598059 0.008075270229
7375.000000 0.000045689278 0.004451729224 0.010263265322
7380.000000 0.000055795397 0.004271477222 0.013062318791
7385.000000 0.000065804377 0.004132972890 0.015921802332
7390.000000 0.000074382295 0.004025876420 0.018476050235
7395.000000 0.000080733326 0.003936296672 0.020509969927
7400.000000 0.000084392196 0.003849184849 0.021924692907
7405.000000 0.000085143735 0.003750440456 0.022702329589
7410.000000 0.000082988793 0.003628307439 0.022872591374
7415.000000 0.000078122196 0.003474028572 0.022487493890
7420.000000 0.000070909567 0.003281943277 0.021605969662
7425.000000 0.000061858442 0.003049254271 0.020286416369
7430.000000 0.000051582957 0.002775640241 0.018584165199
7435.000000 0.000040763266 0.002462826583 0.016551415294
7440.000000 0.000030101829 0.002114174335 0.014238101761
7445.000000 0.000020279160 0.001734314001 0.011692899781
7450.000000 0.000011911679 0.001328831687 0.008964023600
7455.000000 0.000005514179 0.000904004713 0.006099723373
7460.000000 0.000001469023 0.000466578778 0.003148498635
7465.000000 0.000000003751 0.000023576368 0.000159095224
7470.000000 0.000001178253 0.000417874905 0.002819631226
7475.000000 0.000004882114 0.000850705775 0.005738898178
7480.000000 0.000010842194 0.001268072467 0.008550137650
7485.000000 0.000018639973 0.001663539465 0.011205007975
7490.000000 0.000027737645 0.002031289726 0.013655189147
7495.000000 0.000037511486 0.002366373604 0.015851886721
