4000.000000 0.000000000000 0.000000000000 nan
4005.000000 0.000000000000 0.000000000000 nan
4010.000000 0.000000000000 0.000000000000 nan
4015.000000 0.000000000000 0.000000000000 nan
4020.000000 0.000000000000 0.000000000000 nan
4025.000000 0.000000000000 0.000000000000 nan
4030.000000 0.000000000000 0.000000000000 nan
4035.000000 0.000000000000 0.000000000000 nan
4040.000000 0.000000000000 0.000000000000 nan
4045.000000 0.000000000000 0.000000000000 nan
4050.000000 0.000000000000 0.000000000000 nan
4055.000000 0.000000000000 0.000000000000 nan
4060.000000 0.000000000000 0.000000000000 nan
4065.000000 0.000000000000 0.000000000000 nan
4070.000000 0.000000000000 0.000000000000 nan
4075.000000 0.000000000000 0.000000000000 nan
4080.000000 0.000000000000 0.000000000000 nan
4085.000000 0.000000000000 0.000000000000 nan
4090.000000 0.000000000000 0.000000000000 nan
4095.000000 0.000000000000 0.000000000000 nan
4100.000000 0.000000000000 0.000000000000 nan
4105.000000 0.000000000000 0.000000000000 nan
4110.000000 0.000000000000 0.000000000000 nan
4115.000000 0.000000000000 0.000000000000 nan
4120.000000 0.000000000000 0.000000000000 nan
4125.000000 0.000000000000 0.000000000000 nan
4130.000000 0.000000000000 0.000000000000 nan
4135.000000 0.000000000000 0.000000000000 nan
4140.000000 0.000000000000 0.000000000000 nan
4145.000000 0.000000000000 0.000000000000 nan
4150.000000 0.000000000000 0.000000000000 nan
4155.000000 0.000000000000 0.000000000000 nan
4160.000000 0.000000000000 0.000000000000 nan
4165.000000 0.000000000000 0.000000000000 nan
4170.000000 0.000000000000 0.000000000000 nan
4175.000000 0.000000000000 0.000000000000 nan
4180.000000 0.000000000000 0.000000000000 nan
4185.000000 0.000000000000 0.000000000000 nan
4190.000000 0.000000000000 0.000000000000 nan
4195.000000 0.000000000000 0.000000000000 nan
4200.000000 0.000000000000 0.000000000000 nan
4205.000000 0.000000000000 0.000000000000 nan
4210.000000 0.000000000000 0.000000000000 nan
4215.000000 0.000000000000 0.000000000000 nan
4220.000000 0.000000000000 0.000000000000 nan
4225.000000 0.000000000000 0.000000000000 nan
4230.000000 0.000000000000 0.000000000000 nan
4235.000000 0.000000000000 0.000000000000 nan
4240.000000 0.000000000000 0.000000000000 nan
4245.000000 0.000000000000 0.000000000000 nan
4250.000000 0.000000000000 0.000000000000 nan
4255.000000 0.000000000000 0.000000000000 nan
4260.000000 0.000000000000 0.000000000000 nan
4265.000000 0.000000000000 0.000000000000 nan
4270.000000 0.000000000000 0.000000000000 nan
4275.000000 0.000000000000 0.000000000000 nan
4280.000000 0.000000000000 0.000000000000 nan
4285.000000 0.000000000000 0.000000000000 nan
4290.000000 0.000000000000 0.000000000000 nan
4295.000000 0.000000000000 0.000000000000 nan
4300.000000 0.000000000000 0.000000000000 nan
4305.000000 0.000000000000 0.000000000000 nan
4310.000000 0.000000000000 0.000000000000 nan
4315.000000 0.000000000000 0.000000000000 nan
4320.000000 0.000000000000 0.000000000000 nan
4325.000000 0.000000000000 0.000000000000 nan
4330.000000 0.000000000000 0.000000000000 nan
4335.000000 0.000000000000 0.000000000000 nan
4340.000000 0.000000000000 0.000000000000 nan
4345.000000 0.000000000000 0.000000000000 nan
4350.000000 0.000000000000 0.000000000000 nan
4355.000000 0.000000000000 0.000000000000 nan
4360.000000 0.000000000000 0.000000000000 nan
4365.000000 0.000000000000 0.000000000000 nan
4370.000000 0.000000000000 0.000000000000 nan
4375.000000 0.000000000000 0.000000000000 nan
4380.000000 0.000000000000 0.000000000000 nan
4385.000000 0.000000000000 0.000000000000 nan
4390.000000 0.000000000000 0.000000000000 nan
4395.000000 0.000000000000 0.000000000000 nan
4400.000000 0.000000000000 0.000000000000 nan
4405.000000 0.000000000000 0.000000000000 nan
4410.000000 0.000000000000 0.000000000000 nan
4415.000000 0.000000000000 0.000000000000 nan
4420.000000 0.000000000000 0.000000000000 nan
4425.000000 0.000000000000 0.000000000000 nan
4430.000000 0.000000000000 0.000000000000 nan
4435.000000 0.000000000000 0.000000000000 nan
4440.000000 0.000000000000 0.000000000000 nan
4445.000000 0.000000000000 0.000000000000 nan
4450.000000 0.000000000000 0.000000000000 nan
4455.000000 0.000000000000 0.000000000000 nan
4460.000000 0.000000000000 0.000000000000 nan
4465.000000 0.000000000000 0.000000000000 nan
4470.000000 0.000000000000 0.000000000000 nan
4475.000000 0.000000000000 0.000000000000 nan
4480.000000 0.000000000000 0.000000000000 nan
4485.000000 0.000000000000 0.000000000000 nan
4490.000000 0.000000000000 0.000000000000 nan
4495.000000 0.000000000000 0.000000000000 nan
4500.000000 0.000000000000 0.000000000000 nan
4505.000000 0.000000000000 0.000000000000 nan
4510.000000 0.000000000000 0.000000000000 nan
4515.000000 0.000000000000 0.000000000000 nan
4520.000000 0.000000000000 0.000000000000 nan
4525.000000 0.000000000000 0.000000000000 nan
4530.000000 0.000000000000 0.000000000000 nan
4535.000000 0.000000000000 0.000000000000 nan
4540.000000 0.000000000000 0.000000000000 nan
4545.000000 0.000000000000 0.000000000000 nan
4550.000000 0.000000000000 0.000000000000 nan
4555.000000 0.000000000000 0.000000000000 nan
4560.000000 0.000000000000 0.000000000000 nan
4565.000000 0.000000000000 0.000000000000 nan
4570.000000 0.000000000000 0.000000000000 nan
4575.000000 0.000000000000 0.000000000000 nan
4580.000000 0.000000000000 0.000000000000 nan
4585.000000 0.000000000000 0.000000000000 nan
4590.000000 0.000000000000 0.000000000000 nan
4595.000000 0.000000000000 0.000000000000 nan
4600.000000 0.000000000000 0.000000000000 nan
4605.000000 0.000000000000 0.000000000000 nan
4610.000000 0.000000000000 0.000000000000 nan
4615.000000 0.000000000000 0.000000000000 nan
4620.000000 0.000000000000 0.000000000000 nan
4625.000000 0.000000000000 0.000000000000 nan
4630.000000 0.000000000000 0.000000000000 nan
4635.000000 0.000000000000 0.000000000000 nan
4640.000000 0.000000000000 0.000000000000 nan
4645.000000 0.000000000000 0.000000000000 nan
4650.000000 0.000000000000 0.000000000000 nan
4655.000000 0.000000000000 0.000000000000 nan
4660.000000 0.000000000000 0.000000000000 nan
4665.000000 0.000000000000 0.000000000000 nan
4670.000000 0.000000000000 0.000000000000 nan
4675.000000 0.000000000000 0.000000000000 nan
4680.000000 0.000000000000 0.000000000000 nan
4685.000000 0.000000000000 0.000000000000 nan
4690.000000 0.000000000000 0.000000000000 nan
4695.000000 0.000000000000 0.000000000000 nan
4700.000000 0.000000000000 0.000000000000 nan
4705.000000 0.000000000000 0.000000000000 nan
4710.000000 0.000000000000 0.000000000000 nan
4715.000000 0.000000000000 0.000000000000 nan
4720.000000 0.000000000000 0.000000000000 nan
4725.000000 0.000000000000 0.000000000000 nan
4730.000000 0.000000000000 0.000000000000 nan
4735.000000 0.000000000000 0.000000000000 nan
4740.000000 0.000000000000 0.000000000000 nan
4745.000000 0.000000000000 0.000000000000 nan
4750.000000 0.000000000000 0.000000000000 nan
4755.000000 0.000000000000 0.000000000000 nan
4760.000000 0.000000000000 0.000000000000 nan
4765.000000 0.000000000000 0.000000000000 nan
4770.000000 0.000000000000 0.000000000000 nan
4775.000000 0.000000000000 0.000000000000 nan
4780.000000 0.000000000000 0.000000000000 nan
4785.000000 0.000000000000 0.000000000000 nan
4790.000000 0.000000000000 0.000000000000 nan
4795.000000 0.000000000000 0.000000000000 nan
4800.000000 0.000000000000 0.000000000000 nan
4805.000000 0.000000000000 0.000000000000 nan
4810.000000 0.000000000000 0.000000000000 nan
4815.000000 0.000000000000 0.000000000000 nan
4820.000000 0.000000000000 0.000000000000 nan
4825.000000 0.000000000000 0.000000000000 nan
4830.000000 0.000000000000 0.000000000000 nan
4835.000000 0.000000000000 0.000000000000 nan
4840.000000 0.000000000000 0.000000000000 nan
4845.000000 0.000000000000 0.000000000000 nan
4850.000000 0.000000000000 0.000000000000 nan
4855.000000 0.000000000000 0.000000000000 nan
4860.000000 0.000000000000 0.000000000000 nan
4865.000000 0.000000000000 0.000000000000 nan
4870.000000 0.000000000000 0.000000000000 nan
4875.000000 0.000000000000 0.000000000000 nan
4880.000000 0.000000000000 0.000000000000 nan
4885.000000 0.000000000000 0.000000000000 nan
4890.000000 0.000000000000 0.000000000000 nan
4895.000000 0.000000000000 0.000000000000 nan
4900.000000 0.000000000000 0.000000000000 nan
4905.000000 0.000000000000 0.000000000000 nan
4910.000000 0.000000000000 0.000000000000 nan
4915.000000 0.000000000000 0.000000000000 nan
4920.000000 0.000000000000 0.000000000000 nan
4925.000000 0.000000000000 0.000000000000 nan
4930.000000 0.000000000000 0.000000000000 nan
4935.000000 0.000000000000 0.000000000000 nan
4940.000000 0.000000000000 0.000000000000 nan
4945.000000 0.000000000000 0.000000000000 nan
4950.000000 0.000000000000 0.000000000000 nan
4955.000000 0.000000000000 0.000000000000 nan
4960.000000 0.000000000000 0.000000000000 nan
4965.000000 0.000000000000 0.000000000000 nan
4970.000000 0.000000000000 0.000000000000 nan
4975.000000 0.000000000000 0.000000000000 nan
4980.000000 0.000000000000 0.000000000000 nan
4985.000000 0.000000000000 0.000000000000 nan
4990.000000 0.000000000000 0.000000000000 nan
4995.000000 0.000000000000 0.000000000000 nan
5000.000000 0.000000000000 0.000000000000 nan
5005.000000 0.000000000000 0.000000000000 nan
5010.000000 0.000000000000 0.000000000000 nan
5015.000000 0.000000000000 0.000000000000 nan
5020.000000 0.000000000000 0.000000000000 nan
5025.000000 0.000000000000 0.000000000000 nan
5030.000000 0.000000000000 0.000000000000 nan
5035.000000 0.000000000000 0.000000000000 nan
5040.000000 0.000000000000 0.000000000000 nan
5045.000000 0.000000000000 0.000000000000 nan
5050.000000 0.000000000000 0.000000000000 nan
5055.000000 0.000000000000 0.000000000000 nan
5060.000000 0.000000000000 0.000000000000 nan
5065.000000 0.000000000000 0.000000000000 nan
5070.000000 0.000000000000 0.000000000000 nan
5075.000000 0.000000000000 0.000000000000 nan
5080.000000 0.000000000000 0.000000000000 nan
5085.000000 0.000000000000 0.000000000000 nan
5090.000000 0.000000000000 0.000000000000 nan
5095.000000 0.000000000000 0.000000000000 nan
5100.000000 0.000000000000 0.000000000000 nan
5105.000000 0.000000000000 0.000000000000 nan
5110.000000 0.000000000000 0.000000000000 nan
5115.000000 0.000000000000 0.000000000000 nan
5120.000000 0.000000000000 0.000000000000 nan
5125.000000 0.000000000000 0.000000000000 nan
5130.000000 0.000000000000 0.000000000000 nan
5135.000000 0.000000000000 0.000000000000 nan
5140.000000 0.000000000000 0.000000000000 nan
5145.000000 0.000000000000 0.000000000000 nan
5150.000000 0.000000000000 0.000000000000 nan
5155.000000 0.000000000000 0.000000000000 nan
5160.000000 0.000000000000 0.000000000000 nan
5165.000000 0.000000000000 0.000000000000 nan
5170.000000 0.000000000000 0.000000000000 nan
5175.000000 0.000000000000 0.000000000000 nan
5180.000000 0.000000000000 0.000000000000 nan
5185.000000 0.000000000000 0.000000000000 nan
5190.000000 0.000000000000 0.000000000000 nan
5195.000000 0.000000000000 0.000000000000 nan
5200.000000 0.000000000000 0.000000000000 nan
5205.000000 0.000000000000 0.000000000000 nan
5210.000000 0.000000000000 0.000000000000 nan
5215.000000 0.000000000000 0.000000000000 nan
5220.000000 0.000000000000 0.000000000000 nan
5225.000000 0.000000000000 0.000000000000 nan
5230.000000 0.000000000000 0.000000000000 nan
5235.000000 0.000000000000 0.000000000000 nan
5240.000000 0.000000000000 0.000000000000 nan
5245.000000 0.000000000000 0.000000000000 nan
5250.000000 0.000000000000 0.000000000000 nan
5255.000000 0.000000000000 0.000000000000 nan
5260.000000 0.000000000000 0.000000000000 nan
5265.000000 0.000000000000 0.000000000000 nan
5270.000000 0.000000000000 0.000000000000 nan
5275.000000 0.000000000000 0.000000000000 nan
5280.000000 0.000000000000 0.000000000000 nan
5285.000000 0.000000000000 0.000000000000 nan
5290.000000 0.000000000000 0.000000000000 nan
5295.000000 0.000000000000 0.000000000000 nan
5300.000000 0.000000000000 0.000000000000 nan
5305.000000 0.000000000000 0.000000000000 nan
5310.000000 0.000000000000 0.000000000000 nan
5315.000000 0.000000000000 0.000000000000 nan
5320.000000 0.000000000000 0.000000000000 nan
5325.000000 0.000000000000 0.000000000000 nan
5330.000000 0.000000000000 0.000000000000 nan
5335.000000 0.000000000000 0.000000000000 nan
5340.000000 0.000000000000 0.000000000000 nan
5345.000000 0.000000000000 0.000000000000 nan
5350.000000 0.000000000000 0.000000000000 nan
5355.000000 0.000000000000 0.000000000000 nan
5360.000000 0.000000000000 0.000000000000 nan
5365.000000 0.000000000000 0.000000000000 nan
5370.000000 0.000000000000 0.000000000000 nan
5375.000000 0.000000000000 0.000000000000 nan
5380.000000 0.000000000000 0.000000000000 nan
5385.000000 0.000000000000 0.000000000000 nan
5390.000000 0.000000000000 0.000000000000 nan
5395.000000 0.000000000000 0.000000000000 nan
5400.000000 0.000000000000 0.000000000000 nan
5405.000000 0.000000000000 0.000000000000 nan
5410.000000 0.000000000000 0.000000000000 nan
5415.000000 0.000000000000 0.000000000000 nan
5420.000000 0.000000000000 0.000000000000 nan
5425.000000 0.000000000000 0.000000000000 nan
5430.000000 0.000000000000 0.000000000000 nan
5435.000000 0.000000000000 0.000000000000 nan
5440.000000 0.000000000000 0.000000000000 nan
5445.000000 0.000000000000 0.000000000000 nan
5450.000000 0.000000000000 0.000000000000 nan
5455.000000 0.000000000000 0.000000000000 nan
5460.000000 0.000000000000 0.000000000000 nan
5465.000000 0.000000000000 0.000000000000 nan
5470.000000 0.000000000000 0.000000000000 nan
5475.000000 0.000000000000 0.000000000000 nan
5480.000000 0.000000000000 0.000000000000 nan
5485.000000 0.000000000000 0.000000000000 nan
5490.000000 0.000000000000 0.000000000000 nan
5495.000000 0.000000000000 0.000000000000 nan
5500.000000 0.000000000000 0.000000000000 nan
5505.000000 0.000000000000 0.000000000000 nan
5510.000000 0.000000000000 0.000000000000 nan
5515.000000 0.000000000000 0.000000000000 nan
5520.000000 0.000000000000 0.000000000000 nan
5525.000000 0.000000000000 0.000000000000 nan
5530.000000 0.000000000000 0.000000000000 nan
5535.000000 0.000000000000 0.000000000000 nan
5540.000000 0.000000000000 0.000000000000 nan
5545.000000 0.000000000000 0.000000000000 nan
5550.000000 0.000000000000 0.000000000000 nan
5555.000000 0.000000000000 0.000000000000 nan
5560.000000 0.000000000000 0.000000000000 nan
5565.000000 0.000000000000 0.000000000000 nan
5570.000000 0.000000000000 0.000000000000 nan
5575.000000 0.000000000000 0.000000000000 nan
5580.000000 0.000000000000 0.000000000000 nan
5585.000000 0.000000000000 0.000000000000 nan
5590.000000 0.000000000000 0.000000000000 nan
5595.000000 0.000000000000 0.000000000000 nan
5600.000000 0.000000000000 0.000000000000 nan
5605.000000 0.000000000000 0.000000000000 nan
5610.000000 0.000000000000 0.000000000000 nan
5615.000000 0.000000000000 0.000000000000 nan
5620.000000 0.000000000000 0.000000000000 nan
5625.000000 0.000000000000 0.000000000000 nan
5630.000000 0.000000000000 0.000000000000 nan
5635.000000 0.000000000000 0.000000000000 nan
5640.000000 0.000000000000 0.000000000000 nan
5645.000000 0.000000000000 0.000000000000 nan
5650.000000 0.000000000000 0.000000000000 nan
5655.000000 0.000000000000 0.000000000000 nan
5660.000000 0.000000000000 0.000000000000 nan
5665.000000 0.000000000000 0.000000000000 nan
5670.000000 0.000000000000 0.000000000000 nan
5675.000000 0.000000000000 0.000000000000 nan
5680.000000 0.000000000000 0.000000000000 nan
5685.000000 0.000000000000 0.000000000000 nan
5690.000000 0.000000000000 0.000000000000 nan
5695.000000 0.000000000000 0.000000000000 nan
5700.000000 0.000000000000 0.000000000000 nan
5705.000000 0.000000000000 0.000000000000 nan
5710.000000 0.000000000000 0.000000000000 nan
5715.000000 0.000000000000 0.000000000000 nan
5720.000000 0.000000000000 0.000000000000 nan
5725.000000 0.000000000000 0.000000000000 nan
5730.000000 0.000000000000 0.000000000000 nan
5735.000000 0.000000000000 0.000000000000 nan
5740.000000 0.000000000000 0.000000000000 nan
5745.000000 0.000000000000 0.000000000000 nan
5750.000000 0.000000000000 0.000000000000 nan
5755.000000 0.000000000000 0.000000000000 nan
5760.000000 0.000000000000 0.000000000000 nan
5765.000000 0.000000000000 0.000000000000 nan
5770.000000 0.000000000000 0.000000000000 nan
5775.000000 0.000000000000 0.000000000000 nan
5780.000000 0.000000000000 0.000000000000 nan
5785.000000 0.000000000000 0.000000000000 nan
5790.000000 0.000000000000 0.000000000000 nan
5795.000000 0.000000000000 0.000000000000 nan
5800.000000 0.000000000000 0.000000000000 nan
5805.000000 0.000000000000 0.000000000000 nan
5810.000000 0.000000000000 0.000000000000 nan
5815.000000 0.000000000000 0.000000000000 nan
5820.000000 0.000000000000 0.000000000000 nan
5825.000000 0.000000000000 0.000000000000 nan
5830.000000 0.000000000000 0.000000000000 nan
5835.000000 0.000000000000 0.000000000000 nan
5840.000000 0.000000000000 0.000000000000 nan
5845.000000 0.000000000000 0.000000000000 nan
5850.000000 0.000000000000 0.000000000000 nan
5855.000000 0.000000000000 0.000000000000 nan
5860.000000 0.000000000000 0.000000000000 nan
5865.000000 0.000000000000 0.000000000000 nan
5870.000000 0.000000000000 0.000000000000 nan
5875.000000 0.000000000000 0.000000000000 nan
5880.000000 0.000000000000 0.000000000000 nan
5885.000000 0.000000000000 0.000000000000 nan
5890.000000 0.000000000000 0.000000000000 nan
5895.000000 0.000000000000 0.000000000000 nan
5900.000000 0.000000000000 0.000000000000 nan
5905.000000 0.000000000000 0.000000000000 nan
5910.000000 0.000000000000 0.000000000000 nan
5915.000000 0.000000000000 0.000000000000 nan
5920.000000 0.000000000000 0.000000000000 nan
5925.000000 0.000000000000 0.000000000000 nan
5930.000000 0.000000000000 0.000000000000 nan
5935.000000 0.000000000000 0.000000000000 nan
5940.000000 0.000000000000 0.000000000000 nan
5945.000000 0.000000000000 0.000000000000 nan
5950.000000 0.000000000000 0.000000000000 nan
5955.000000 0.000000000000 0.000000000000 nan
5960.000000 0.000000000000 0.000000000000 nan
5965.000000 0.000000000000 0.000000000000 nan
5970.000000 0.000000000000 0.000000000000 nan
5975.000000 0.000000000000 0.000000000000 nan
5980.000000 0.000000000000 0.000000000000 nan
5985.000000 0.000000000000 0.000000000000 nan
5990.000000 0.000000000000 0.000000000000 nan
5995.000000 0.000000000000 0.000000000000 nan
6000.000000 0.000000000000 0.000000000000 nan
6005.000000 0.000000000000 0.000000000000 nan
6010.000000 0.000000000000 0.000000000000 nan
6015.000000 0.000000000000 0.000000000000 nan
6020.000000 0.000000000000 0.000000000000 nan
6025.000000 0.000000000000 0.000000000000 nan
6030.000000 0.000000000000 0.000000000000 nan
6035.000000 0.000000000000 0.000000000000 nan
6040.000000 0.000000000000 0.000000000000 nan
6045.000000 0.000000000000 0.000000000000 nan
6050.000000 0.000000000000 0.000000000000 nan
6055.000000 0.000000000000 0.000000000000 nan
6060.000000 0.000000000000 0.000000000000 nan
6065.000000 0.000000000000 0.000000000000 nan
6070.000000 0.000000000000 0.000000000000 nan
6075.000000 0.000000000000 0.000000000000 nan
6080.000000 0.000000000000 0.000000000000 nan
6085.000000 0.000000000000 0.000000000000 nan
6090.000000 0.000000000000 0.000000000000 nan
6095.000000 0.000000000000 0.000000000000 nan
6100.000000 0.000000000000 0.000000000000 nan
6105.000000 0.000000000000 0.000000000000 nan
6110.000000 0.000000000000 0.000000000000 nan
6115.000000 0.000000000000 0.000000000000 nan
6120.000000 0.000000000000 0.000000000000 nan
6125.000000 0.000000000000 0.000000000000 nan
6130.000000 0.000000000000 0.000000000000 nan
6135.000000 0.000000000000 0.000000000000 nan
6140.000000 0.000000000000 0.000000000000 nan
6145.000000 0.000000000000 0.000000000000 nan
6150.000000 0.000000000000 0.000000000000 nan
6155.000000 0.000000000000 0.000000000000 nan
6160.000000 0.000000000000 0.000000000000 nan
6165.000000 0.000000000000 0.000000000000 nan
6170.000000 0.000000000000 0.000000000000 nan
6175.000000 0.000000000000 0.000000000000 nan
6180.000000 0.000000000000 0.000000000000 nan
6185.000000 0.000000000000 0.000000000000 nan
6190.000000 0.000000000000 0.000000000000 nan
6195.000000 0.000335370848 0.022939572364 0.014619751512
6200.000000 0.000374743480 0.023106259115 0.016218267014
6205.000000 0.000398200516 0.023124689271 0.017219713133
6210.000000 0.000405477484 0.022997722950 0.017631201371
6215.000000 0.000397657055 0.022729715719 0.017495029840
6220.000000 0.000376927906 0.022326405133 0.016882606225
6225.000000 0.000346267220 0.021794720632 0.015887664996
6230.000000 0.000309089047 0.021142543162 0.014619293654
6235.000000 0.000268895587 0.020378441681 0.013195100554
6240.000000 0.000228954255 0.019511410416 0.011734377500
6245.000000 0.000192003853 0.018550625249 0.010350263169
6250.000000 0.000159978939 0.017505231566 0.009138921582
6255.000000 0.000133761995 0.016384170311 0.008164099428
6260.000000 0.000113061475 0.015196044389 0.007440191120
6265.000000 0.000096602115 0.013949024277 0.006925367215
6270.000000 0.000082685033 0.012650789492 0.006535958309
6275.000000 0.000069844436 0.011308501389 0.006176276906
6280.000000 0.000057240962 0.009928802319 0.005765142669
6285.000000 0.000044704402 0.008517836245 0.005248328418
6290.000000 0.000032569324 0.007081286281 0.004599351422
6295.000000 0.000021457106 0.005624425208 0.003814986515
6300.000000 0.000012081459 0.004152175624 0.002909669581
6305.000000 0.000005099186 0.002669176970 0.001910396401
6310.000000 0.000001005722 0.001179857219 0.000852409743
6315.000000 0.000000069926 0.000311492559 0.000224486473
6320.000000 0.000002303469 0.001800642224 0.001279248841
6325.000000 0.000007462450 0.003283346461 0.002272818180
6330.000000 0.000015081376 0.004755269721 0.003171508026
6335.000000 0.000024542199 0.006211913460 0.003950827651
6340.000000 0.000035183245 0.007648547060 0.004599990689
6345.000000 0.000046453014 0.009060144100 0.005127182676
6350.000000 0.000058105865 0.010441326025 0.005564989098
6355.000000 0.000070407577 0.011786315677 0.005973671408
6360.000000 0.000084256469 0.013088903678 0.006437244175
6365.000000 0.000101064914 0.014342431108 0.007046567866
6370.000000 0.000122315158 0.015539792314 0.007871093480
6375.000000 0.000148961494 0.016673461910 0.008934047089
6380.000000 0.000181013136 0.017735549832 0.010206231964
6385.000000 0.000217443555 0.018717887688 0.011616885331
6390.000000 0.000256316917 0.019612148252 0.013069293247
6395.000000 0.000294992426 0.020409997672 0.014453329728
6400.000000 0.000330355533 0.021103276732 0.015654229306
6405.000000 0.000359078602 0.021684203242 0.016559455676
6410.000000 0.000377917999 0.022145582835 0.017065163810
6415.000000 0.000384039974 0.022481010569 0.017082860794
6420.000000 0.000375352160 0.022685042158 0.016546240348
6425.000000 0.000350806910 0.022753312649 0.015417838958
6430.000000 0.000310640174 0.022682583787 0.013695096520
6435.000000 0.000256520495 0.022470710216 0.011415771599
6440.000000 0.000191631463 0.022116529206 0.008664626420
6445.000000 0.000120976930 0.021619696825 0.005595681147
6450.000000 0.000055209453 0.020980511227 0.002631463652
6455.000000 0.000050810188 0.020199775230 0.002515383837
6460.000000 0.000104139224 0.019278750066 0.005401762236
6465.000000 0.000152600677 0.018219237149 0.008375799485
6470.000000 0.000186413358 0.017023796979 0.010950163362
6475.000000 0.000202882355 0.015696080814 0.012925669651
6480.000000 0.000201829854 0.014241221211 0.014172229431
6485.000000 0.000185076919 0.012666210744 0.014611861653
6490.000000 0.000156121126 0.010980198312 0.014218424944
6495.000000 0.000119691700 0.009194647713 0.013017540619
6500.000000 0.000081172257 0.007323327699 0.011084067345
6505.000000 0.000045946382 0.005382128896 0.008536841643
6510.000000 0.000018743086 0.003388724936 0.005531014185
6515.000000 0.000003062710 0.001362109820 0.002248504101
6520.000000 0.000000754459 0.000677948835 0.001112855826
6525.000000 0.000011797489 0.002711498619 0.004350911122
6530.000000 0.000034311587 0.004718991357 0.007270957788
6535.000000 0.000064794725 0.006681831615 0.009697150254
6540.000000 0.000098556858 0.008582845531 0.011483005029
6545.000000 0.000130295849 0.010406634014 0.012520460416
6550.000000 0.000154745430 0.012139781224 0.012746970203
6555.000000 0.000167319266 0.013770901886 0.012150203887
6560.000000 0.000164683269 0.015290530225 0.010770278505
6565.000000 0.000145223849 0.016690877206 0.008700791880
6570.000000 0.000109532894 0.017965506536 0.006096844181
6575.000000 0.000062335824 0.019108996552 0.003262119148
6580.000000 0.000038953105 0.020116658040 0.001936360673
6585.000000 0.000093435906 0.020984364196 0.004452644129
6590.000000 0.000164323170 0.021708520857 0.007569524016
6595.000000 0.000234023092 0.022286170565 0.010500821205
6600.000000 0.000296194393 0.022715193173 0.013039483782
6605.000000 0.000346489358 0.022994546981 0.015068327207
6610.000000 0.000382040986 0.023124491368 0.016521054677
6615.000000 0.000401477518 0.023106742861 0.017374907432
6620.000000 0.000404883459 0.022944535888 0.017646182121
6625.000000 0.000393640263 0.022642580714 0.017384955726
6630.000000 0.000370162575 0.022206928880 0.016668787336
6635.000000 0.000337568403 0.021644768129 0.015595842896
6640.000000 0.000299325184 0.020964173882 0.014277938426
6645.000000 0.000258905995 0.020173843903 0.012833746305
6650.000000 0.000219474271 0.019282838791 0.011381844402
6655.000000 0.000183595594 0.018300345215 0.010032356851
6660.000000 0.000152965859 0.017235472757 0.008875060251
6665.000000 0.000128180628 0.016097089857 0.007962969051
6670.000000 0.000108672447 0.014893700100 0.007296537878
6675.000000 0.000092998902 0.013633357042 0.006821423490
6680.000000 0.000079462995 0.012323613844 0.006448027013
6685.000000 0.000066731507 0.010971503049 0.006082257505
6690.000000 0.000054137255 0.009583541466 0.005648982143
6695.000000 0.000041653890 0.008165755363 0.005101045591
6700.000000 0.000029706793 0.006723721552 0.004418206868
6705.000000 0.000018956537 0.005262620565 0.003602109688
6710.000000 0.000010114853 0.003787298735 0.002670730122
6715.000000 0.000003806844 0.002302336557 0.001653469911
6720.000000 0.000000476732 0.000812121241 0.000587020329
6725.000000 0.000000331532 0.000679078251 0.000488208708
6730.000000 0.000003318515 0.002167035087 0.001531361750
6735.000000 0.000009134689 0.003647488604 0.002504377592
6740.000000 0.000017269087 0.005116069704 0.003375459599
6745.000000 0.000027081116 0.006568228855 0.004123047003
6750.000000 0.000037920199 0.007999168165 0.004740517757
6755.000000 0.000049290806 0.009403779279 0.005241595372
6760.000000 0.000061055377 0.010776589220 0.005665556646
6765.000000 0.000073630838 0.012111716804 0.006079306443
6770.000000 0.000088065858 0.013402842697 0.006570685070
6775.000000 0.000105842464 0.014643196688 0.007228098236
6780.000000 0.000128366655 0.015825566095 0.008111346778
6785.000000 0.000156385770 0.016942329326 0.009230476347
6790.000000 0.000189650740 0.017985518400 0.010544635731
6795.000000 0.000226894320 0.018946913366 0.011975265613
6800.000000 0.000265986585 0.019818170012 0.013421349457
6805.000000 0.000304147497 0.020590979728 0.014770909457
6810.000000 0.000338184370 0.021257256892 0.015909125613
6815.000000 0.000364761315 0.021809344711 0.016725001148
6820.000000 0.000380704790 0.022240225552 0.017117847514
6825.000000 0.000383333536 0.022543717125 0.017004007550
6830.000000 0.000370786528 0.022714632759 0.016323685780
6835.000000 0.000342313662 0.022748884001 0.015047492548
6840.000000 0.000298493953 0.022643508400 0.013182319086
6845.000000 0.000241362312 0.022396615757 0.010776731400
6850.000000 0.000174496780 0.022007261778 0.007929054588
6855.000000 0.000103563390 0.021475276693 0.004822447283
6860.000000 0.000044097416 0.020801093167 0.002119956684
6865.000000 0.000062910129 0.019985626866 0.003147768615
6870.000000 0.000117163191 0.019030259243 0.006156678683
6875.000000 0.000162456094 0.017936953546 0.009057061640
6880.000000 0.000192129088 0.016708505074 0.011498879575
6885.000000 0.000204211792 0.015348893289 0.013304659076
6890.000000 0.000199047613 0.013863676296 0.014357491388
6895.000000 0.000178904401 0.012260355434 0.014592105611
6900.000000 0.000147630469 0.010548641903 0.013995210938
6905.000000 0.000110174194 0.008740575614 0.012604912835
6910.000000 0.000071981362 0.006850472014 0.010507503916
6915.000000 0.000038333171 0.004894698292 0.007831569683
6920.000000 0.000013704212 0.002891300601 0.004739808846
6925.000000 0.000001219750 0.000859516843 0.001419111146
6930.000000 0.000002279542 0.001180784389 0.001930531851
6935.000000 0.000016394213 0.003209696536 0.005107714281
6940.000000 0.000041253257 0.005207857841 0.007921348606
6945.000000 0.000073014838 0.007156983763 0.010201900730
6950.000000 0.000106780419 0.009040310451 0.011811587591
6955.000000 0.000137195386 0.010842914574 0.012652998928
6960.000000 0.000159103068 0.012551882957 0.012675633529
6965.000000 0.000168176697 0.014156319711 0.011879973075
6970.000000 0.000161466588 0.015647199242 0.010319200596
6975.000000 0.000137848867 0.017017097951 0.008100609625
6980.000000 0.000098602061 0.018259860138 0.005399935169
6985.000000 0.000050909047 0.019370267422 0.002628205666
6990.000000 0.000047963553 0.020343779876 0.002357652009
6995.000000 0.000110528416 0.021176399271 0.005219415005
7000.000000 0.000181914859 0.021864674232 0.008320035207
7005.000000 0.000250246936 0.022405832555 0.011168830032
7010.000000 0.000309835863 0.022797997389 0.013590485945
7015.000000 0.000356704158 0.023040429079 0.015481662977
7020.000000 0.000388351529 0.023133735191 0.016787238446
7025.000000 0.000403773468 0.023080004912 0.017494513956
7030.000000 0.000403393667 0.022882844370 0.017628650554
7035.000000 0.000388876136 0.022547310240 0.017247118687
7040.000000 0.000362841219 0.022079755440 0.016433208242
7045.000000 0.000328526063 0.021487610778 0.015289092249
7050.000000 0.000289430493 0.020779129909 0.013928903389
7055.000000 0.000248979302 0.019963123535 0.012471961216
7060.000000 0.000210214498 0.019048704184 0.011035632473
7065.000000 0.000175511850 0.018045056932 0.009726311801
7070.000000 0.000146313958 0.016961245571 0.008626368680
7075.000000 0.000122924573 0.015806058528 0.007777054149
7080.000000 0.000104517808 0.014587894907 0.007164694331
7085.000000 0.000089523707 0.013314688299 0.006723680276
7090.000000 0.000076286482 0.011993864309 0.006360458976
7095.000000 0.000063623777 0.010632326983 0.005983993640
7100.000000 0.000051038132 0.009236469143 0.005525718899
7105.000000 0.000038634894 0.007812201880 0.004945455168
7110.000000 0.000026916828 0.006364998951 0.004228881689
7115.000000 0.000016572466 0.004899952427 0.003382168719
7120.000000 0.000008303203 0.003421836542 0.002426533962
7125.000000 0.000002696737 0.001935177266 0.001393534724
7130.000000 0.000000142671 0.000444325616 0.000321094941
7135.000000 0.000000784816 0.001046466921 0.000749967258
7140.000000 0.000004506614 0.002532972194 0.001779180145
7145.000000 0.000010948541 0.004010909653 0.002729690212
7150.000000 0.000019558890 0.005475872262 0.003571830936
7155.000000 0.000029681777 0.006923255363 0.004287257262
7160.000000 0.000040687774 0.008348190006 0.004873843771
7165.000000 0.000052149849 0.009745482593 0.005351181778
7170.000000 0.000064051008 0.011109563063 0.005765394004
7175.000000 0.000076964885 0.012434444367 0.006189652127
7180.000000 0.000092078752 0.013713696419 0.006714364147
7185.000000 0.000110912036 0.014940438216 0.007423613321
7190.000000 0.000134757259 0.016107352062 0.008366195684
7195.000000 0.000164133994 0.017206723950 0.009538945044
7200.000000 0.000198534413 0.018230513716 0.010890225898
7205.000000 0.000236460609 0.019170457620 0.012334635618
7210.000000 0.000275601604 0.020018204208 0.013767548812
7215.000000 0.000313052493 0.020765481549 0.015075619239
7220.000000 0.000345558816 0.021404290197 0.016144371668
7225.000000 0.000369795068 0.021927111637 0.016864741435
7230.000000 0.000382677991 0.022327117009 0.017139606101
7235.000000 0.000381698933 0.022598356521 0.016890561626
7240.000000 0.000365246064 0.022735907447 0.016064723371
7245.000000 0.000332880204 0.022735959555 0.014641132851
7250.000000 0.000285531007 0.022595822892 0.012636450917
7255.000000 0.000225603728 0.022313854599 0.010110477636
7260.000000 0.000157092199 0.021889318180 0.007176660204
7265.000000 0.000086577806 0.021322207303 0.004060452312
7270.000000 0.000038882241 0.020613081633 0.001886289561
7275.000000 0.000076252396 0.019762968482 0.003858347280
7280.000000 0.000129562102 0.018773376573 0.006901374482
7285.000000 0.000171345734 0.017646446362 0.009709928600
7290.000000 0.000196764606 0.016385229653 0.012008657223
7295.000000 0.000204483258 0.014994058454 0.013637619106
7300.000000 0.000195346884 0.013478938923 0.014492749417
7305.000000 0.000172049713 0.011847897619 0.014521539508
7310.000000 0.000138761460 0.010111215387 0.013723519363
7315.000000 0.000100612694 0.008281505002 0.012149083226
7320.000000 0.000063070726 0.006373614894 0.009895597169
7325.000000 0.000031274943 0.004404365976 0.007100895628
7330.000000 0.000009412188 0.002392147100 0.003934619229
7335.000000 0.000000209549 0.000356405748 0.000587951282
7340.000000 0.000004607295 0.001682924753 0.002737671204
7345.000000 0.000021651703 0.003706019324 0.005842307011
7350.000000 0.000048619777 0.005693735189 0.008539170827
7355.000000 0.000081359017 0.007628125834 0.010665662721
7360.000000 0.000114799273 0.009492856996 0.012093226824
7365.000000 0.000143573593 0.011273491485 0.012735503738
7370.000000 0.000162673645 0.012957619188 0.012554285083
7375.000000 0.000168065631 0.014534824504 0.011562962522
7380.000000 0.000157210966 0.015996505435 0.009827831887
7385.000000 0.000129504980 0.017335583165 0.007470471502
7390.000000 0.000087041514 0.018546162147 0.004693235875
7395.000000 0.000041474592 0.019623211291 0.002113547644
7400.000000 0.000060970231 0.020562331546 0.002965141902
7405.000000 0.000128002038 0.021359653645 0.005992701947
7410.000000 0.000199305304 0.022011877263 0.009054443706
7415.000000 0.000265931886 0.022516428882 0.011810571170
7420.000000 0.000322696812 0.022871689936 0.014109006075
7425.000000 0.000365986191 0.023077235800 0.015859186700
7430.000000 0.000393668533 0.023134030510 0.017016858910
7435.000000 0.000405102556 0.023044538072 0.017579113762
7440.000000 0.000401039580 0.022812732206 0.017579638257
7445.000000 0.000383408697 0.022444006493 0.017082899063
7450.000000 0.000355015107 0.021945001822 0.016177492731
7455.000000 0.000319193407 0.021323376430 0.014969177497
7460.000000 0.000279455205 0.020587545936 0.013573993051
7465.000000 0.000239158335 0.019746418395 0.012111479183
7470.000000 0.000201206210 0.018809144269 0.010697254859
7475.000000 0.000167768396 0.017784895239 0.009433195638
7480.000000 0.000140020913 0.016682679938 0.008393190606
7485.000000 0.000117975259 0.015511199857 0.007605811290
7490.000000 0.000100571019 0.014278745009 0.007043407440
7495.000000 0.000086152837 0.012993126460 0.006630647176
