0.000000 0.000000000000000000 0.000000000000000000 nan
5000000.000000 0.000000000000000000 0.000000000000000000 nan
10000000.000000 0.000000000000000000 0.000000000000000000 nan
15000000.000000 0.000000000000000000 0.000000000000000000 nan
20000000.000000 0.000000000000000000 0.000000000000000000 nan
25000000.000000 0.000000000000000000 0.000000000000000000 nan
30000000.000000 0.000000000000000000 0.000000000000000000 nan
35000000.000000 0.000000000000000000 0.000000000000000000 nan
40000000.000000 0.000000000000000000 0.000000000000000000 nan
45000000.000000 0.000000000000000000 0.000000000000000000 nan
50000000.000000 0.000000000000000000 0.000000000000000000 nan
55000000.000000 0.000000000000000000 0.000000000000000000 nan
60000000.000000 0.000000000000000000 0.000000000000000000 nan
65000000.000000 0.000000000000000000 0.000000000000000000 nan
70000000.000000 0.000000000000000000 0.000000000000000000 nan
75000000.000000 0.000000000000000000 0.000000000000000000 nan
80000000.000000 0.000000000000000000 0.000000000000000000 nan
85000000.000000 0.000000000000000000 0.000000000000000000 nan
90000000.000000 0.000000000000000000 0.000000000000000000 nan
95000000.000000 0.000000000000000000 0.000000000000000000 nan
100000000.000000 0.000000000000000000 0.000000000000000000 nan
105000000.000000 0.000000000000000000 0.000000000000000000 nan
110000000.000000 0.000000000000000000 0.000000000000000000 nan
115000000.000000 0.000000000000000000 0.000000000000000000 nan
120000000.000000 0.000000000000000000 0.000000000000000000 nan
125000000.000000 0.000000000000000000 0.000000000000000000 nan
130000000.000000 0.000000000000000000 0.000000000000000000 nan
135000000.000000 0.000000000000000000 0.000000000000000000 nan
140000000.000000 0.000000000000000000 0.000000000000000000 nan
145000000.000000 0.000000000000000000 0.000000000000000000 nan
150000000.000000 0.000000000000000000 0.000000000000000000 nan
155000000.000000 0.000000000000000000 0.000000000000000000 nan
160000000.000000 0.000000000000000000 0.000000000000000000 nan
165000000.000000 0.000000000000000000 0.000000000000000000 nan
170000000.000000 0.000000000000000000 0.000000000000000000 nan
175000000.000000 0.000000000000000000 0.000000000000000000 nan
180000000.000000 0.000000000000000000 0.000000000000000000 nan
185000000.000000 0.000000000000000000 0.000000000000000000 nan
190000000.000000 0.000000000000000000 0.000000000000000000 nan
195000000.000000 0.000000000000000000 0.000000000000000000 nan
200000000.000000 0.000000000000000000 0.000000000000000000 nan
205000000.000000 0.000000000000000000 0.000000000000000000 nan
210000000.000000 0.000000000000000000 0.000000000000000000 nan
215000000.000000 0.000000000000000000 0.000000000000000000 nan
220000000.000000 0.000000000000000000 0.000000000000000000 nan
225000000.000000 0.000000000000000000 0.000000000000000000 nan
230000000.000000 0.000000000000000000 0.000000000000000000 nan
235000000.000000 0.000000000000000000 0.000000000000000000 nan
240000000.000000 0.000000000000000000 0.000000000000000000 nan
245000000.000000 0.000000000000000000 0.000000000000000000 nan
250000000.000000 0.000000000000000000 0.000000000000000000 nan
255000000.000000 0.000000000000000000 0.000000000000000000 nan
260000000.000000 0.000000000000000000 0.000000000000000000 nan
265000000.000000 0.000000000000000000 0.000000000000000000 nan
270000000.000000 0.000000000000000000 0.000000000000000000 nan
275000000.000000 0.000000000000000000 0.000000000000000000 nan
280000000.000000 0.000000000000000000 0.000000000000000000 nan
285000000.000000 0.000000000000000000 0.000000000000000000 nan
290000000.000000 0.000000000000000000 0.000000000000000000 nan
295000000.000000 0.000000000000000000 0.000000000000000000 nan
300000000.000000 0.000000000000000000 0.000000000000000000 nan
305000000.000000 0.000000000000000000 0.000000000000000000 nan
310000000.000000 0.000000000000000000 0.000000000000000000 nan
315000000.000000 0.000000000000000000 0.000000000000000000 nan
320000000.000000 0.000000000000000000 0.000000000000000000 nan
325000000.000000 0.000000000000000000 0.000000000000000000 nan
330000000.000000 0.000000000000000000 0.000000000000000000 nan
335000000.000000 0.000000000000000000 0.000000000000000000 nan
340000000.000000 0.000000000000000000 0.000000000000000000 nan
345000000.000000 0.000000000000000000 0.000000000000000000 nan
350000000.000000 0.000000000000000000 0.000000000000000000 nan
355000000.000000 0.000000000000000000 0.000000000000000000 nan
360000000.000000 0.000000000000000000 0.000000000000000000 nan
365000000.000000 0.000000000000000000 0.000000000000000000 nan
370000000.000000 0.000000000000000000 0.000000000000000000 nan
375000000.000000 0.000000000000000000 0.000000000000000000 nan
380000000.000000 0.000000000000000000 0.000000000000000000 nan
385000000.000000 0.000000000000000000 0.000000000000000000 nan
390000000.000000 0.000000000000000000 0.000000000000000000 nan
395000000.000000 0.000000000000000000 0.000000000000000000 nan
400000000.000000 0.000000000000000000 0.000000000000000000 nan
405000000.000000 0.000000000000000000 0.000000000000000000 nan
410000000.000000 0.000000000000000000 0.000000000000000000 nan
415000000.000000 0.000000000000000000 0.000000000000000000 nan
420000000.000000 0.000000000000000000 0.000000000000000000 nan
425000000.000000 0.000000000000000000 0.000000000000000000 nan
430000000.000000 0.000000000000000000 0.000000000000000000 nan
435000000.000000 0.000000000000000000 0.000000000000000000 nan
440000000.000000 0.000000000000000000 0.000000000000000000 nan
445000000.000000 0.000000000000000000 0.000000000000000000 nan
450000000.000000 0.000000000000000000 0.000000000000000000 nan
455000000.000000 0.000000000000000000 0.000000000000000000 nan
460000000.000000 0.000000000000000000 0.000000000000000000 nan
465000000.000000 0.000000000000000000 0.000000000000000000 nan
470000000.000000 0.000000000000000000 0.000000000000000000 nan
475000000.000000 0.000000000000000000 0.000000000000000000 nan
480000000.000000 0.000000000000000000 0.000000000000000000 nan
485000000.000000 0.000000000000000000 0.000000000000000000 nan
490000000.000000 0.000000000000000000 0.000000000000000000 nan
495000000.000000 0.000000000000000000 0.000000000000000000 nan
500000000.000000 0.000000000000000000 0.000000000000000000 nan
505000000.000000 0.000000000000000000 0.000000000000000000 nan
510000000.000000 0.000000000000000000 0.000000000000000000 nan
515000000.000000 0.000000000000000000 0.000000000000000000 nan
520000000.000000 0.000000000000000000 0.000000000000000000 nan
525000000.000000 0.000000000000000000 0.000000000000000000 nan
530000000.000000 0.000000000000000000 0.000000000000000000 nan
535000000.000000 0.000000000000000000 0.000000000000000000 nan
540000000.000000 0.000000000000000000 0.000000000000000000 nan
545000000.000000 0.000000000000000000 0.000000000000000000 nan
550000000.000000 0.000000000000000000 0.000000000000000000 nan
555000000.000000 0.000000000000000000 0.000000000000000000 nan
560000000.000000 0.000000000000000000 0.000000000000000000 nan
565000000.000000 0.000000000000000000 0.000000000000000000 nan
570000000.000000 0.000000000000000000 0.000000000000000000 nan
575000000.000000 0.000000000000000000 0.000000000000000000 nan
580000000.000000 0.000000000000000000 0.000000000000000000 nan
585000000.000000 0.000000000000000000 0.000000000000000000 nan
590000000.000000 0.000000000000000000 0.000000000000000000 nan
595000000.000000 0.000000000000000000 0.000000000000000000 nan
600000000.000000 0.000000000000000000 0.000000000000000000 nan
605000000.000000 0.000000000000000000 0.000000000000000000 nan
610000000.000000 0.000000000000000000 0.000000000000000000 nan
615000000.000000 0.000000000000000000 0.000000000000000000 nan
620000000.000000 0.000000000000000000 0.000000000000000000 nan
625000000.000000 0.000000000000000000 0.000000000000000000 nan
630000000.000000 0.000000000000000000 0.000000000000000000 nan
635000000.000000 0.000000000000000000 0.000000000000000000 nan
640000000.000000 0.000000000000000000 0.000000000000000000 nan
645000000.000000 0.000000000000000000 0.000000000000000000 nan
650000000.000000 0.000000000000000000 0.000000000000000000 nan
655000000.000000 0.000000000000000000 0.000000000000000000 nan
660000000.000000 0.000000000000000000 0.000000000000000000 nan
665000000.000000 0.000000000000000000 0.000000000000000000 nan
670000000.000000 0.000000000000000000 0.000000000000000000 nan
675000000.000000 0.000000000000000000 0.000000000000000000 nan
680000000.000000 0.000000000000000000 0.000000000000000000 nan
685000000.000000 0.000000000000000000 0.000000000000000000 nan
690000000.000000 0.000000000000000000 0.000000000000000000 nan
695000000.000000 0.000000000000000000 0.000000000000000000 nan
700000000.000000 0.000000000000000000 0.000000000000000000 nan
705000000.000000 0.000000000000000000 0.000000000000000000 nan
710000000.000000 0.000000000000000000 0.000000000000000000 nan
715000000.000000 0.000000000000000000 0.000000000000000000 nan
720000000.000000 0.000000000000000000 0.000000000000000000 nan
725000000.000000 0.000000000000000000 0.000000000000000000 nan
730000000.000000 0.000000000000000000 0.000000000000000000 nan
735000000.000000 0.000000000000000000 0.000000000000000000 nan
740000000.000000 0.000000000000000000 0.000000000000000000 nan
745000000.000000 0.000000000000000000 0.000000000000000000 nan
750000000.000000 0.000000000000000000 0.000000000000000000 nan
755000000.000000 0.000000000000000000 0.000000000000000000 nan
760000000.000000 0.000000000000000000 0.000000000000000000 nan
765000000.000000 0.000000000000000000 0.000000000000000000 nan
770000000.000000 0.000000000000000000 0.000000000000000000 nan
775000000.000000 0.000000000000000000 0.000000000000000000 nan
780000000.000000 0.000000000000000000 0.000000000000000000 nan
785000000.000000 0.000000000000000000 0.000000000000000000 nan
790000000.000000 0.000000000000000000 0.000000000000000000 nan
795000000.000000 0.000000000000000000 0.000000000000000000 nan
800000000.000000 0.000000000000000000 0.000000000000000000 nan
805000000.000000 0.000000000000000000 0.000000000000000000 nan
810000000.000000 0.000000000000000000 0.000000000000000000 nan
815000000.000000 0.000000000000000000 0.000000000000000000 nan
820000000.000000 0.000000000000000000 0.000000000000000000 nan
825000000.000000 0.000000000000000000 0.000000000000000000 nan
830000000.000000 0.000000000000000000 0.000000000000000000 nan
835000000.000000 0.000000000000000000 0.000000000000000000 nan
840000000.000000 0.000000000000000000 0.000000000000000000 nan
845000000.000000 0.000000000000000000 0.000000000000000000 nan
850000000.000000 0.000000000000000000 0.000000000000000000 nan
855000000.000000 0.000000000000000000 0.000000000000000000 nan
860000000.000000 0.000000000000000000 0.000000000000000000 nan
865000000.000000 0.000000000000000000 0.000000000000000000 nan
870000000.000000 0.000000000000000000 0.000000000000000000 nan
875000000.000000 0.000000000000000000 0.000000000000000000 nan
880000000.000000 0.000000000000000000 0.000000000000000000 nan
885000000.000000 0.000000000000000000 0.000000000000000000 nan
890000000.000000 0.000000000000000000 0.000000000000000000 nan
895000000.000000 0.000000000000000000 0.000000000000000000 nan
900000000.000000 0.000000000000000000 0.000000000000000000 nan
905000000.000000 0.000000000000000000 0.000000000000000000 nan
910000000.000000 0.000000000000000000 0.000000000000000000 nan
915000000.000000 0.000000000000000000 0.000000000000000000 nan
920000000.000000 0.000000000000000000 0.000000000000000000 nan
925000000.000000 0.000000000000000000 0.000000000000000000 nan
930000000.000000 0.000000000000000000 0.000000000000000000 nan
935000000.000000 0.000000000000000000 0.000000000000000000 nan
940000000.000000 0.000000000000000000 0.000000000000000000 nan
945000000.000000 0.000000000000000000 0.000000000000000000 nan
950000000.000000 0.000000000000000000 0.000000000000000000 nan
955000000.000000 0.000000000000000000 0.000000000000000000 nan
960000000.000000 0.000000000000000000 0.000000000000000000 nan
965000000.000000 0.000000000000000000 0.000000000000000000 nan
970000000.000000 0.000000000000000000 0.000000000000000000 nan
975000000.000000 0.000000000000000000 0.000000000000000000 nan
980000000.000000 0.000000000000000000 0.000000000000000000 nan
985000000.000000 0.000000000000000000 0.000000000000000000 nan
990000000.000000 0.000000000000000000 0.000000000000000000 nan
995000000.000000 0.000000000000000000 0.000000000000000000 nan
1000000000.000000 0.000000000000000000 0.000000000000000000 nan
1005000000.000000 0.000000000000000000 0.000000000000000000 nan
1010000000.000000 0.000000000000000000 0.000000000000000000 nan
1015000000.000000 0.000000000000000000 0.000000000000000000 nan
1020000000.000000 0.000000000000000000 0.000000000000000000 nan
1025000000.000000 0.000000000000000000 0.000000000000000000 nan
1030000000.000000 0.000000000000000000 0.000000000000000000 nan
1035000000.000000 0.000000000000000000 0.000000000000000000 nan
1040000000.000000 0.000000000000000000 0.000000000000000000 nan
1045000000.000000 0.000000000000000000 0.000000000000000000 nan
1050000000.000000 0.000000000000000000 0.000000000000000000 nan
1055000000.000000 0.000000000000000000 0.000000000000000000 nan
1060000000.000000 0.000000000000000000 0.000000000000000000 nan
1065000000.000000 0.000000000000000000 0.000000000000000000 nan
1070000000.000000 0.000000000000000000 0.000000000000000000 nan
1075000000.000000 0.000000000000000000 0.000000000000000000 nan
1080000000.000000 0.000000000000000000 0.000000000000000000 nan
1085000000.000000 0.000000000000000000 0.000000000000000000 nan
1090000000.000000 0.000000000000000000 0.000000000000000000 nan
1095000000.000000 0.000000000000000000 0.000000000000000000 nan
1100000000.000000 0.000000000000000000 0.000000000000000000 nan
1105000000.000000 0.000000000000000000 0.000000000000000000 nan
1110000000.000000 0.000000000000000000 0.000000000000000000 nan
1115000000.000000 0.000000000000000000 0.000000000000000000 nan
1120000000.000000 0.000000000000000000 0.000000000000000000 nan
1125000000.000000 0.000000000000000000 0.000000000000000000 nan
1130000000.000000 0.000000000000000000 0.000000000000000000 nan
1135000000.000000 0.000000000000000000 0.000000000000000000 nan
1140000000.000000 0.000000000000000000 0.000000000000000000 nan
1145000000.000000 0.000000000000000000 0.000000000000000000 nan
1150000000.000000 0.000000000000000000 0.000000000000000000 nan
1155000000.000000 0.000000000000000000 0.000000000000000000 nan
1160000000.000000 0.000000000000000000 0.000000000000000000 nan
1165000000.000000 0.000000000000000000 0.000000000000000000 nan
1170000000.000000 0.000000000000000000 0.000000000000000000 nan
1175000000.000000 0.000000000000000000 0.000000000000000000 nan
1180000000.000000 0.000000000000000000 0.000000000000000000 nan
1185000000.000000 0.000000000000000000 0.000000000000000000 nan
1190000000.000000 0.000000000000000000 0.000000000000000000 nan
1195000000.000000 0.000000000000000000 0.000000000000000000 nan
1200000000.000000 0.000000000000000000 0.000000000000000000 nan
1205000000.000000 0.000000000000000000 0.000000000000000000 nan
1210000000.000000 0.000000000000000000 0.000000000000000000 nan
1215000000.000000 0.000000000000000000 0.000000000000000000 nan
1220000000.000000 0.000000000000000000 0.000000000000000000 nan
1225000000.000000 0.000000000000000000 0.000000000000000000 nan
1230000000.000000 0.000000000000000000 0.000000000000000000 nan
1235000000.000000 0.000000000000000000 0.000000000000000000 nan
1240000000.000000 0.000000000000000000 0.000000000000000000 nan
1245000000.000000 0.000000000000000000 0.000000000000000000 nan
1250000000.000000 0.000000000000000000 0.000000000000000000 nan
1255000000.000000 0.000000000000000000 0.000000000000000000 nan
1260000000.000000 0.000000000000000000 0.000000000000000000 nan
1265000000.000000 0.000000000000000000 0.000000000000000000 nan
1270000000.000000 0.000000000000000000 0.000000000000000000 nan
1275000000.000000 0.000000000000000000 0.000000000000000000 nan
1280000000.000000 0.000000000000000000 0.000000000000000000 nan
1285000000.000000 0.000000000000000000 0.000000000000000000 nan
1290000000.000000 0.000000000000000000 0.000000000000000000 nan
1295000000.000000 0.000000000000000000 0.000000000000000000 nan
1300000000.000000 0.000000000000000000 0.000000000000000000 nan
1305000000.000000 0.000000000000000000 0.000000000000000000 nan
1310000000.000000 0.000000000000000000 0.000000000000000000 nan
1315000000.000000 0.000000000000000000 0.000000000000000000 nan
1320000000.000000 0.000000000000000000 0.000000000000000000 nan
1325000000.000000 0.000000000000000000 0.000000000000000000 nan
1330000000.000000 0.000000000000000000 0.000000000000000000 nan
1335000000.000000 0.000000000000000000 0.000000000000000000 nan
1340000000.000000 0.000000000000000000 0.000000000000000000 nan
1345000000.000000 0.000000000000000000 0.000000000000000000 nan
1350000000.000000 0.000000000000000000 0.000000000000000000 nan
1355000000.000000 0.000000000000000000 0.000000000000000000 nan
1360000000.000000 0.000000000000000000 0.000000000000000000 nan
1365000000.000000 0.000000000000000000 0.000000000000000000 nan
1370000000.000000 0.000000000000000000 0.000000000000000000 nan
1375000000.000000 0.000000000000000000 0.000000000000000000 nan
1380000000.000000 0.000000000000000000 0.000000000000000000 nan
1385000000.000000 0.000000000000000000 0.000000000000000000 nan
1390000000.000000 0.000000000000000000 0.000000000000000000 nan
1395000000.000000 0.000000000000000000 0.000000000000000000 nan
1400000000.000000 0.000000000000000000 0.000000000000000000 nan
1405000000.000000 0.000000000000000000 0.000000000000000000 nan
1410000000.000000 0.000000000000000000 0.000000000000000000 nan
1415000000.000000 0.000000000000000000 0.000000000000000000 nan
1420000000.000000 0.000000000000000000 0.000000000000000000 nan
1425000000.000000 0.000000000000000000 0.000000000000000000 nan
1430000000.000000 0.000000000000000000 0.000000000000000000 nan
1435000000.000000 0.000000000000000000 0.000000000000000000 nan
1440000000.000000 0.000000000000000000 0.000000000000000000 nan
1445000000.000000 0.000000000000000000 0.000000000000000000 nan
1450000000.000000 0.000000000000000000 0.000000000000000000 nan
1455000000.000000 0.000000000000000000 0.000000000000000000 nan
1460000000.000000 0.000000000000000000 0.000000000000000000 nan
1465000000.000000 0.000000000000000000 0.000000000000000000 nan
1470000000.000000 0.000000000000000000 0.000000000000000000 nan
1475000000.000000 0.000000000000000000 0.000000000000000000 nan
1480000000.000000 0.000000000000000000 0.000000000000000000 nan
1485000000.000000 0.000000000000000000 0.000000000000000000 nan
1490000000.000000 0.000000000000000000 0.000000000000000000 nan
1495000000.000000 0.000000000000000000 0.000000000000000000 nan
1500000000.000000 0.000000000000000000 0.000000000000000000 nan
1505000000.000000 0.000000000000000000 0.000000000000000000 nan
1510000000.000000 0.000000000000000000 0.000000000000000000 nan
1515000000.000000 0.000000000000000000 0.000000000000000000 nan
1520000000.000000 0.000000000000000000 0.000000000000000000 nan
1525000000.000000 0.000000000000000000 0.000000000000000000 nan
1530000000.000000 0.000000000000000000 0.000000000000000000 nan
1535000000.000000 0.000000000000000000 0.000000000000000000 nan
1540000000.000000 0.000000000000000000 0.000000000000000000 nan
1545000000.000000 0.000000000000000000 0.000000000000000000 nan
1550000000.000000 0.000000000000000000 0.000000000000000000 nan
1555000000.000000 0.000000000000000000 0.000000000000000000 nan
1560000000.000000 0.000000000000000000 0.000000000000000000 nan
1565000000.000000 0.000000000000000000 0.000000000000000000 nan
1570000000.000000 0.000000000000000000 0.000000000000000000 nan
1575000000.000000 0.000000000000000000 0.000000000000000000 nan
1580000000.000000 0.000000000000000000 0.000000000000000000 nan
1585000000.000000 0.000000000000000000 0.000000000000000000 nan
1590000000.000000 0.000000000000000000 0.000000000000000000 nan
1595000000.000000 0.000000000000000000 0.000000000000000000 nan
1600000000.000000 0.000000000000000000 0.000000000000000000 nan
1605000000.000000 0.000000000000000000 0.000000000000000000 nan
1610000000.000000 0.000000000000000000 0.000000000000000000 nan
1615000000.000000 0.000000000000000000 0.000000000000000000 nan
1620000000.000000 0.000000000000000000 0.000000000000000000 nan
1625000000.000000 0.000000000000000000 0.000000000000000000 nan
1630000000.000000 0.000000000000000000 0.000000000000000000 nan
1635000000.000000 0.000000000000000000 0.000000000000000000 nan
1640000000.000000 0.000000000000000000 0.000000000000000000 nan
1645000000.000000 0.000000000000000000 0.000000000000000000 nan
1650000000.000000 0.000000000000000000 0.000000000000000000 nan
1655000000.000000 0.000000000000000000 0.000000000000000000 nan
1660000000.000000 0.000000000000000000 0.000000000000000000 nan
1665000000.000000 0.000000000000000000 0.000000000000000000 nan
1670000000.000000 0.000000000000000000 0.000000000000000000 nan
1675000000.000000 0.000000000000000000 0.000000000000000000 nan
1680000000.000000 0.000000000000000000 0.000000000000000000 nan
1685000000.000000 0.000000000000000000 0.000000000000000000 nan
1690000000.000000 0.000000000000000000 0.000000000000000000 nan
1695000000.000000 0.000000000000000000 0.000000000000000000 nan
1700000000.000000 0.000000000000000000 0.000000000000000000 nan
1705000000.000000 0.000000000000000000 0.000000000000000000 nan
1710000000.000000 0.000000000000000000 0.000000000000000000 nan
1715000000.000000 0.000000000000000000 0.000000000000000000 nan
1720000000.000000 0.000000000000000000 0.000000000000000000 nan
1725000000.000000 0.000000000000000000 0.000000000000000000 nan
1730000000.000000 0.000000000000000000 0.000000000000000000 nan
1735000000.000000 0.000000000000000000 0.000000000000000000 nan
1740000000.000000 0.000000000000000000 0.000000000000000000 nan
1745000000.000000 0.000000000000000000 0.000000000000000000 nan
1750000000.000000 0.000000000000000000 0.000000000000000000 nan
1755000000.000000 0.000000000000000000 0.000000000000000000 nan
1760000000.000000 0.000000000000000000 0.000000000000000000 nan
1765000000.000000 0.000000000000000000 0.000000000000000000 nan
1770000000.000000 0.000000000000000000 0.000000000000000000 nan
1775000000.000000 0.000000000000000000 0.000000000000000000 nan
1780000000.000000 0.000000000000000000 0.000000000000000000 nan
1785000000.000000 0.000000000000000000 0.000000000000000000 nan
1790000000.000000 0.000000000000000000 0.000000000000000000 nan
1795000000.000000 0.000000000000000000 0.000000000000000000 nan
1800000000.000000 0.000000000000000000 0.000000000000000000 nan
1805000000.000000 0.000000000000000000 0.000000000000000000 nan
1810000000.000000 0.000000000000000000 0.000000000000000000 nan
1815000000.000000 0.000000000000000000 0.000000000000000000 nan
1820000000.000000 0.000000000000000000 0.000000000000000000 nan
1825000000.000000 0.000000000000000000 0.000000000000000000 nan
1830000000.000000 0.000000000000000000 0.000000000000000000 nan
1835000000.000000 0.000000000000000000 0.000000000000000000 nan
1840000000.000000 0.000000000000000000 0.000000000000000000 nan
1845000000.000000 0.000000000000000000 0.000000000000000000 nan
1850000000.000000 0.000000000000000000 0.000000000000000000 nan
1855000000.000000 0.000000000000000000 0.000000000000000000 nan
1860000000.000000 0.000000000000000000 0.000000000000000000 nan
1865000000.000000 0.000000000000000000 0.000000000000000000 nan
1870000000.000000 0.000000000000000000 0.000000000000000000 nan
1875000000.000000 0.000000000000000000 0.000000000000000000 nan
1880000000.000000 0.000000000000000000 0.000000000000000000 nan
1885000000.000000 0.000000000000000000 0.000000000000000000 nan
1890000000.000000 0.000000000000000000 0.000000000000000000 nan
1895000000.000000 0.000000000000000000 0.000000000000000000 nan
1900000000.000000 0.000000000000000000 0.000000000000000000 nan
1905000000.000000 0.000000000000000000 0.000000000000000000 nan
1910000000.000000 0.000000000000000000 0.000000000000000000 nan
1915000000.000000 0.000000000000000000 0.000000000000000000 nan
1920000000.000000 0.000000000000000000 0.000000000000000000 nan
1925000000.000000 0.000000000000000000 0.000000000000000000 nan
1930000000.000000 0.000000000000000000 0.000000000000000000 nan
1935000000.000000 0.000000000000000000 0.000000000000000000 nan
1940000000.000000 0.000000000000000000 0.000000000000000000 nan
1945000000.000000 0.000000000000000000 0.000000000000000000 nan
1950000000.000000 0.000000000000000000 0.000000000000000000 nan
1955000000.000000 0.000000000000000000 0.000000000000000000 nan
1960000000.000000 0.000000000000000000 0.000000000000000000 nan
1965000000.000000 0.000000000000000000 0.000000000000000000 nan
1970000000.000000 0.000000000000000000 0.000000000000000000 nan
1975000000.000000 0.000000000000000000 0.000000000000000000 nan
1980000000.000000 0.000000000000000000 0.000000000000000000 nan
1985000000.000000 0.000000000000000000 0.000000000000000000 nan
1990000000.000000 0.000000000000000000 0.000000000000000000 nan
1995000000.000000 0.000000000000000000 0.000000000000000000 nan
2000000000.000000 0.000000000000000000 0.000000000000000000 nan
2005000000.000000 0.000000000000000000 0.000000000000000000 nan
2010000000.000000 0.000000000000000000 0.000000000000000000 nan
2015000000.000000 0.000000000000000000 0.000000000000000000 nan
2020000000.000000 0.000000000000000000 0.000000000000000000 nan
2025000000.000000 0.000000000000000000 0.000000000000000000 nan
2030000000.000000 0.000000000000000000 0.000000000000000000 nan
2035000000.000000 0.000000000000000000 0.000000000000000000 nan
2040000000.000000 0.000000000000000000 0.000000000000000000 nan
2045000000.000000 0.000000000000000000 0.000000000000000000 nan
2050000000.000000 0.000000000000000000 0.000000000000000000 nan
2055000000.000000 0.000000000000000000 0.000000000000000000 nan
2060000000.000000 0.000000000000000000 0.000000000000000000 nan
2065000000.000000 0.000000000000000000 0.000000000000000000 nan
2070000000.000000 0.000000000000000000 0.000000000000000000 nan
2075000000.000000 0.000000000000000000 0.000000000000000000 nan
2080000000.000000 0.000000000000000000 0.000000000000000000 nan
2085000000.000000 0.000000000000000000 0.000000000000000000 nan
2090000000.000000 0.000000000000000000 0.000000000000000000 nan
2095000000.000000 0.000000000000000000 0.000000000000000000 nan
2100000000.000000 0.000000000000000000 0.000000000000000000 nan
2105000000.000000 0.000000000000000000 0.000000000000000000 nan
2110000000.000000 0.000000000000000000 0.000000000000000000 nan
2115000000.000000 0.000000000000000000 0.000000000000000000 nan
2120000000.000000 0.000000000000000000 0.000000000000000000 nan
2125000000.000000 0.000000000000000000 0.000000000000000000 nan
2130000000.000000 0.000000000000000000 0.000000000000000000 nan
2135000000.000000 0.000000000000000000 0.000000000000000000 nan
2140000000.000000 0.000000000000000000 0.000000000000000000 nan
2145000000.000000 0.000000000000000000 0.000000000000000000 nan
2150000000.000000 0.000000000000000000 0.000000000000000000 nan
2155000000.000000 0.000000000000000000 0.000000000000000000 nan
2160000000.000000 0.000000000000000000 0.000000000000000000 nan
2165000000.000000 0.000000000000000000 0.000000000000000000 nan
2170000000.000000 0.000000000000000000 0.000000000000000000 nan
2175000000.000000 0.000000000000000000 0.000000000000000000 nan
2180000000.000000 0.000000000000000000 0.000000000000000000 nan
2185000000.000000 0.000000000000000000 0.000000000000000000 nan
2190000000.000000 0.000000000000000000 0.000000000000000000 nan
2195000000.000000 0.000000000000000000 0.000000000000000000 nan
2200000000.000000 0.000000000000000000 0.000000000000000000 nan
2205000000.000000 0.000000000000000000 0.000000000000000000 nan
2210000000.000000 0.000000000000000000 0.000000000000000000 nan
2215000000.000000 0.000000000000000000 0.000000000000000000 nan
2220000000.000000 0.000000000000000000 0.000000000000000000 nan
2225000000.000000 0.000000000000000000 0.000000000000000000 nan
2230000000.000000 0.000000000000000000 0.000000000000000000 nan
2235000000.000000 0.000000000000000000 0.000000000000000000 nan
2240000000.000000 0.000000000000000000 0.000000000000000000 nan
2245000000.000000 0.000000000000000000 0.000000000000000000 nan
2250000000.000000 0.000000000000000000 0.000000000000000000 nan
2255000000.000000 0.000000000000000000 0.000000000000000000 nan
2260000000.000000 0.000000000000000000 0.000000000000000000 nan
2265000000.000000 0.000000000000000000 0.000000000000000000 nan
2270000000.000000 0.000000000000000000 0.000000000000000000 nan
2275000000.000000 0.000000000000000000 0.000000000000000000 nan
2280000000.000000 0.000000000000000000 0.000000000000000000 nan
2285000000.000000 0.000000000000000000 0.000000000000000000 nan
2290000000.000000 0.000000000000000000 0.000000000000000000 nan
2295000000.000000 0.000000000000000000 0.000000000000000000 nan
2300000000.000000 0.000000000000000000 0.000000000000000000 nan
2305000000.000000 0.000000000000000000 0.000000000000000000 nan
2310000000.000000 0.000000000000000000 0.000000000000000000 nan
2315000000.000000 0.000000000000000000 0.000000000000000000 nan
2320000000.000000 0.000000000000000000 0.000000000000000000 nan
2325000000.000000 0.000000000000000000 0.000000000000000000 nan
2330000000.000000 0.000000000000000000 0.000000000000000000 nan
2335000000.000000 0.000000000000000000 0.000000000000000000 nan
2340000000.000000 0.000000000000000000 0.000000000000000000 nan
2345000000.000000 0.000000000000000000 0.000000000000000000 nan
2350000000.000000 0.000000000000000000 0.000000000000000000 nan
2355000000.000000 0.000000000000000000 0.000000000000000000 nan
2360000000.000000 0.000000000000000000 0.000000000000000000 nan
2365000000.000000 0.000000000000000000 0.000000000000000000 nan
2370000000.000000 0.000000000000000000 0.000000000000000000 nan
2375000000.000000 0.000000000000000000 0.000000000000000000 nan
2380000000.000000 0.000000000000000000 0.000000000000000000 nan
2385000000.000000 0.000000000000000000 0.000000000000000000 nan
2390000000.000000 0.000000000000000000 0.000000000000000000 nan
2395000000.000000 0.000000000000000000 0.000000000000000000 nan
2400000000.000000 0.000000000000000000 0.000000000000000000 nan
2405000000.000000 0.000000000000000000 0.000000000000000000 nan
2410000000.000000 0.000000000000000000 0.000000000000000000 nan
2415000000.000000 0.000000000000000000 0.000000000000000000 nan
2420000000.000000 0.000000000000000000 0.000000000000000000 nan
2425000000.000000 0.000000000000000000 0.000000000000000000 nan
2430000000.000000 0.000000000000000000 0.000000000000000000 nan
2435000000.000000 0.000000000000000000 0.000000000000000000 nan
2440000000.000000 0.000000000000000000 0.000000000000000000 nan
2445000000.000000 0.000000000000000000 0.000000000000000000 nan
2450000000.000000 0.000000000000000000 0.000000000000000000 nan
2455000000.000000 0.000000000000000000 0.000000000000000000 nan
2460000000.000000 0.000000000000000000 0.000000000000000000 nan
2465000000.000000 0.000000000000000000 0.000000000000000000 nan
2470000000.000000 0.000000000000000000 0.000000000000000000 nan
2475000000.000000 0.000000000000000000 0.000000000000000000 nan
2480000000.000000 0.000000000000000000 0.000000000000000000 nan
2485000000.000000 0.000000000000000000 0.000000000000000000 nan
2490000000.000000 0.000000000000000000 0.000000000000000000 nan
2495000000.000000 0.000000000000000000 0.000000000000000000 nan
2500000000.000000 0.000000000000000000 0.000000000000000000 nan
2505000000.000000 0.000000000000000000 0.000000000000000000 nan
2510000000.000000 0.000000000000000000 0.000000000000000000 nan
2515000000.000000 0.000000000000000000 0.000000000000000000 nan
2520000000.000000 0.000000000000000000 0.000000000000000000 nan
2525000000.000000 0.000000000000000000 0.000000000000000000 nan
2530000000.000000 0.000000000000000000 0.000000000000000000 nan
2535000000.000000 0.000000000000000000 0.000000000000000000 nan
2540000000.000000 0.000000000000000000 0.000000000000000000 nan
2545000000.000000 0.000000000000000000 0.000000000000000000 nan
2550000000.000000 0.000000000000000000 0.000000000000000000 nan
2555000000.000000 0.000000000000000000 0.000000000000000000 nan
2560000000.000000 0.000000000000000000 0.000000000000000000 nan
2565000000.000000 0.000000000000000000 0.000000000000000000 nan
2570000000.000000 0.000000000000000000 0.000000000000000000 nan
2575000000.000000 0.000000000000000000 0.000000000000000000 nan
2580000000.000000 0.000000000000000000 0.000000000000000000 nan
2585000000.000000 0.000000000000000000 0.000000000000000000 nan
2590000000.000000 0.000000000000000000 0.000000000000000000 nan
2595000000.000000 0.000000000000000000 0.000000000000000000 nan
2600000000.000000 0.000000000000000000 0.000000000000000000 nan
2605000000.000000 0.000000000000000000 0.000000000000000000 nan
2610000000.000000 0.000000000000000000 0.000000000000000000 nan
2615000000.000000 0.000000000000000000 0.000000000000000000 nan
2620000000.000000 0.000000000000000000 0.000000000000000000 nan
2625000000.000000 0.000000000000000000 0.000000000000000000 nan
2630000000.000000 0.000000000000000000 0.000000000000000000 nan
2635000000.000000 0.000000000000000000 0.000000000000000000 nan
2640000000.000000 0.000000000000000000 0.000000000000000000 nan
2645000000.000000 0.000000000000000000 0.000000000000000000 nan
2650000000.000000 0.000000000000000000 0.000000000000000000 nan
2655000000.000000 0.000000000000000000 0.000000000000000000 nan
2660000000.000000 0.000000000000000000 0.000000000000000000 nan
2665000000.000000 0.000000000000000000 0.000000000000000000 nan
2670000000.000000 0.000000000000000000 0.000000000000000000 nan
2675000000.000000 0.000000000000000000 0.000000000000000000 nan
2680000000.000000 0.000000000000000000 0.000000000000000000 nan
2685000000.000000 0.000000000000000000 0.000000000000000000 nan
2690000000.000000 0.000000000000000000 0.000000000000000000 nan
2695000000.000000 0.000000000000000000 0.000000000000000000 nan
2700000000.000000 0.000000000000000000 0.000000000000000000 nan
2705000000.000000 0.000000000000000000 0.000000000000000000 nan
2710000000.000000 0.000000000000000000 0.000000000000000000 nan
2715000000.000000 0.000000000000000000 0.000000000000000000 nan
2720000000.000000 0.000000000000000000 0.000000000000000000 nan
2725000000.000000 0.000000000000000000 0.000000000000000000 nan
2730000000.000000 0.000000000000000000 0.000000000000000000 nan
2735000000.000000 0.000000000000000000 0.000000000000000000 nan
2740000000.000000 0.000000000000000000 0.000000000000000000 nan
2745000000.000000 0.000000000000000000 0.000000000000000000 nan
2750000000.000000 0.000000000000000000 0.000000000000000000 nan
2755000000.000000 0.000000000000000000 0.000000000000000000 nan
2760000000.000000 0.000000000000000000 0.000000000000000000 nan
2765000000.000000 0.000000000000000000 0.000000000000000000 nan
2770000000.000000 0.000000000000000000 0.000000000000000000 nan
2775000000.000000 0.000000000000000000 0.000000000000000000 nan
2780000000.000000 0.000000000000000000 0.000000000000000000 nan
2785000000.000000 0.000000000000000000 0.000000000000000000 nan
2790000000.000000 0.000000000000000000 0.000000000000000000 nan
2795000000.000000 0.000000000000000000 0.000000000000000000 nan
2800000000.000000 0.000000000000000000 0.000000000000000000 nan
2805000000.000000 0.000000000000000000 0.000000000000000000 nan
2810000000.000000 0.000000000000000000 0.000000000000000000 nan
2815000000.000000 0.000000000000000000 0.000000000000000000 nan
2820000000.000000 0.000000000000000000 0.000000000000000000 nan
2825000000.000000 0.000000000000000000 0.000000000000000000 nan
2830000000.000000 0.000000000000000000 0.000000000000000000 nan
2835000000.000000 0.000000000000000000 0.000000000000000000 nan
2840000000.000000 0.000000000000000000 0.000000000000000000 nan
2845000000.000000 0.000000000000000000 0.000000000000000000 nan
2850000000.000000 0.000000000000000000 0.000000000000000000 nan
2855000000.000000 0.000000000000000000 0.000000000000000000 nan
2860000000.000000 0.000000000000000000 0.000000000000000000 nan
2865000000.000000 0.000000000000000000 0.000000000000000000 nan
2870000000.000000 0.000000000000000000 0.000000000000000000 nan
2875000000.000000 0.000000000000000000 0.000000000000000000 nan
2880000000.000000 0.000000000000000000 0.000000000000000000 nan
2885000000.000000 0.000000000000000000 0.000000000000000000 nan
2890000000.000000 0.000000000000000000 0.000000000000000000 nan
2895000000.000000 0.000000000000000000 0.000000000000000000 nan
2900000000.000000 0.000000000000000000 0.000000000000000000 nan
2905000000.000000 0.000000000000000000 0.000000000000000000 nan
2910000000.000000 0.000000000000000000 0.000000000000000000 nan
2915000000.000000 0.000000000000000000 0.000000000000000000 nan
2920000000.000000 0.000000000000000000 0.000000000000000000 nan
2925000000.000000 0.000000000000000000 0.000000000000000000 nan
2930000000.000000 0.000000000000000000 0.000000000000000000 nan
2935000000.000000 0.000000000000000000 0.000000000000000000 nan
2940000000.000000 0.000000000000000000 0.000000000000000000 nan
2945000000.000000 0.000000000000000000 0.000000000000000000 nan
2950000000.000000 0.000000000000000000 0.000000000000000000 nan
2955000000.000000 0.000000000000000000 0.000000000000000000 nan
2960000000.000000 0.000000000000000000 0.000000000000000000 nan
2965000000.000000 0.000000000000000000 0.000000000000000000 nan
2970000000.000000 0.000000000000000000 0.000000000000000000 nan
2975000000.000000 0.000000000000000000 0.000000000000000000 nan
2980000000.000000 0.000000000000000000 0.000000000000000000 nan
2985000000.000000 0.000000000000000000 0.000000000000000000 nan
2990000000.000000 0.000000000000000000 0.000000000000000000 nan
2995000000.000000 0.000000000000000000 0.000000000000000000 nan
3000000000.000000 0.000000000000000000 0.000000000000000000 nan
3005000000.000000 0.000000000000000000 0.000000000000000000 nan
3010000000.000000 0.000000000000000000 0.000000000000000000 nan
3015000000.000000 0.000000000000000000 0.000000000000000000 nan
3020000000.000000 0.000000000000000000 0.000000000000000000 nan
3025000000.000000 0.000000000000000000 0.000000000000000000 nan
3030000000.000000 0.000000000000000000 0.000000000000000000 nan
3035000000.000000 0.000000000000000000 0.000000000000000000 nan
3040000000.000000 0.000000000000000000 0.000000000000000000 nan
3045000000.000000 0.000000000000000000 0.000000000000000000 nan
3050000000.000000 0.000000000000000000 0.000000000000000000 nan
3055000000.000000 0.000000000000000000 0.000000000000000000 nan
3060000000.000000 0.000000000000000000 0.000000000000000000 nan
3065000000.000000 0.000000000000000000 0.000000000000000000 nan
3070000000.000000 0.000000000000000000 0.000000000000000000 nan
3075000000.000000 0.000000000000000000 0.000000000000000000 nan
3080000000.000000 0.000000000000000000 0.000000000000000000 nan
3085000000.000000 0.000000000000000000 0.000000000000000000 nan
3090000000.000000 0.000000000000000000 0.000000000000000000 nan
3095000000.000000 0.000000000000000000 0.000000000000000000 nan
3100000000.000000 0.000000000000000000 0.000000000000000000 nan
3105000000.000000 0.000000000000000000 0.000000000000000000 nan
3110000000.000000 0.000000000000000000 0.000000000000000000 nan
3115000000.000000 0.000000000000000000 0.000000000000000000 nan
3120000000.000000 0.000000000000000000 0.000000000000000000 nan
3125000000.000000 0.000000000000000000 0.000000000000000000 nan
3130000000.000000 0.000000000000000000 0.000000000000000000 nan
3135000000.000000 0.000000000000000000 0.000000000000000000 nan
3140000000.000000 0.000000000000000000 0.000000000000000000 nan
3145000000.000000 0.000000000000000000 0.000000000000000000 nan
3150000000.000000 0.000000000000000000 0.000000000000000000 nan
3155000000.000000 0.000000000000000000 0.000000000000000000 nan
3160000000.000000 0.000000000000000000 0.000000000000000000 nan
3165000000.000000 0.000000000000000000 0.000000000000000000 nan
3170000000.000000 0.000000000000000000 0.000000000000000000 nan
3175000000.000000 0.000000000000000000 0.000000000000000000 nan
3180000000.000000 0.000000000000000000 0.000000000000000000 nan
3185000000.000000 0.000000000000000000 0.000000000000000000 nan
3190000000.000000 0.000000000000000000 0.000000000000000000 nan
3195000000.000000 0.000000000000000000 0.000000000000000000 nan
3200000000.000000 0.000000000000000000 0.000000000000000000 nan
3205000000.000000 0.000000000000000000 0.000000000000000000 nan
3210000000.000000 0.000000000000000000 0.000000000000000000 nan
3215000000.000000 0.000000000000000000 0.000000000000000000 nan
3220000000.000000 0.000000000000000000 0.000000000000000000 nan
3225000000.000000 0.000000000000000000 0.000000000000000000 nan
3230000000.000000 0.000000000000000000 0.000000000000000000 nan
3235000000.000000 0.000000000000000000 0.000000000000000000 nan
3240000000.000000 0.000000000000000000 0.000000000000000000 nan
3245000000.000000 0.000000000000000000 0.000000000000000000 nan
3250000000.000000 0.000000000000000000 0.000000000000000000 nan
3255000000.000000 0.000000000000000000 0.000000000000000000 nan
3260000000.000000 0.000000000000000000 0.000000000000000000 nan
3265000000.000000 0.000000000000000000 0.000000000000000000 nan
3270000000.000000 0.000000000000000000 0.000000000000000000 nan
3275000000.000000 0.000000000000000000 0.000000000000000000 nan
3280000000.000000 0.000000000000000000 0.000000000000000000 nan
3285000000.000000 0.000000000000000000 0.000000000000000000 nan
3290000000.000000 0.000000000000000000 0.000000000000000000 nan
3295000000.000000 0.000000000000000000 0.000000000000000000 nan
3300000000.000000 0.000000000000000000 0.000000000000000000 nan
3305000000.000000 0.000000000000000000 0.000000000000000000 nan
3310000000.000000 0.000000000000000000 0.000000000000000000 nan
3315000000.000000 0.000000000000000000 0.000000000000000000 nan
3320000000.000000 0.000000000000000000 0.000000000000000000 nan
3325000000.000000 0.000000000000000000 0.000000000000000000 nan
3330000000.000000 0.000000000000000000 0.000000000000000000 nan
3335000000.000000 0.000000000000000000 0.000000000000000000 nan
3340000000.000000 0.000000000000000000 0.000000000000000000 nan
3345000000.000000 0.000000000000000000 0.000000000000000000 nan
3350000000.000000 0.000000000000000000 0.000000000000000000 nan
3355000000.000000 0.000000000000000000 0.000000000000000000 nan
3360000000.000000 0.000000000000000000 0.000000000000000000 nan
3365000000.000000 0.000000000000000000 0.000000000000000000 nan
3370000000.000000 0.000000000000000000 0.000000000000000000 nan
3375000000.000000 0.000000000000000000 0.000000000000000000 nan
3380000000.000000 0.000000000000000000 0.000000000000000000 nan
3385000000.000000 0.000000000000000000 0.000000000000000000 nan
3390000000.000000 0.000000000000000000 0.000000000000000000 nan
3395000000.000000 0.000000000000000000 0.000000000000000000 nan
3400000000.000000 0.000000000000000000 0.000000000000000000 nan
3405000000.000000 0.000000000000000000 0.000000000000000000 nan
3410000000.000000 0.000000000000000000 0.000000000000000000 nan
3415000000.000000 0.000000000000000000 0.000000000000000000 nan
3420000000.000000 0.000000000000000000 0.000000000000000000 nan
3425000000.000000 0.000000000000000000 0.000000000000000000 nan
3430000000.000000 0.000000000000000000 0.000000000000000000 nan
3435000000.000000 0.000000000000000000 0.000000000000000000 nan
3440000000.000000 0.000000000000000000 0.000000000000000000 nan
3445000000.000000 0.000000000000000000 0.000000000000000000 nan
3450000000.000000 0.000000000000000000 0.000000000000000000 nan
3455000000.000000 0.000000000000000000 0.000000000000000000 nan
3460000000.000000 0.000000000000000000 0.000000000000000000 nan
3465000000.000000 0.000000000000000000 0.000000000000000000 nan
3470000000.000000 0.000000000000000000 0.000000000000000000 nan
3475000000.000000 0.000000000000000000 0.000000000000000000 nan
3480000000.000000 0.000000000000000000 0.000000000000000000 nan
3485000000.000000 0.000000000000000000 0.000000000000000000 nan
3490000000.000000 0.000000000000000000 0.000000000000000000 nan
3495000000.000000 0.000000000000000000 0.000000000000000000 nan
3500000000.000000 0.000000000000000000 0.000000000000000000 nan
3505000000.000000 0.000000000000000000 0.000000000000000000 nan
3510000000.000000 0.000000000000000000 0.000000000000000000 nan
3515000000.000000 0.000000000000000000 0.000000000000000000 nan
3520000000.000000 0.000000000000000000 0.000000000000000000 nan
3525000000.000000 0.000000000000000000 0.000000000000000000 nan
3530000000.000000 0.000000000000000000 0.000000000000000000 nan
3535000000.000000 0.000000000000000000 0.000000000000000000 nan
3540000000.000000 0.000000000000000000 0.000000000000000000 nan
3545000000.000000 0.000000000000000000 0.000000000000000000 nan
3550000000.000000 0.000000000000000000 0.000000000000000000 nan
3555000000.000000 0.000000000000000000 0.000000000000000000 nan
3560000000.000000 0.000000000000000000 0.000000000000000000 nan
3565000000.000000 0.000000000000000000 0.000000000000000000 nan
3570000000.000000 0.000000000000000000 0.000000000000000000 nan
3575000000.000000 0.000000000000000000 0.000000000000000000 nan
3580000000.000000 0.000000000000000000 0.000000000000000000 nan
3585000000.000000 0.000000000000000000 0.000000000000000000 nan
3590000000.000000 0.000000000000000000 0.000000000000000000 nan
3595000000.000000 0.000000000000000000 0.000000000000000000 nan
3600000000.000000 0.000000000000000000 0.000000000000000000 nan
3605000000.000000 0.000000000000000000 0.000000000000000000 nan
3610000000.000000 0.000000000000000000 0.000000000000000000 nan
3615000000.000000 0.000000000000000000 0.000000000000000000 nan
3620000000.000000 0.000000000000000000 0.000000000000000000 nan
3625000000.000000 0.000000000000000000 0.000000000000000000 nan
3630000000.000000 0.000000000000000000 0.000000000000000000 nan
3635000000.000000 0.000000000000000000 0.000000000000000000 nan
3640000000.000000 0.000000000000000000 0.000000000000000000 nan
3645000000.000000 0.000000000000000000 0.000000000000000000 nan
3650000000.000000 0.000000000000000000 0.000000000000000000 nan
3655000000.000000 0.000000000000000000 0.000000000000000000 nan
3660000000.000000 0.000000000000000000 0.000000000000000000 nan
3665000000.000000 0.000000000000000000 0.000000000000000000 nan
3670000000.000000 0.000000000000000000 0.000000000000000000 nan
3675000000.000000 0.000000000000000000 0.000000000000000000 nan
3680000000.000000 0.000000000000000000 0.000000000000000000 nan
3685000000.000000 0.000000000000000000 0.000000000000000000 nan
3690000000.000000 0.000000000000000000 0.000000000000000000 nan
3695000000.000000 0.000000000000000000 0.000000000000000000 nan
3700000000.000000 0.000000000000000000 0.000000000000000000 nan
3705000000.000000 0.000000000000000000 0.000000000000000000 nan
3710000000.000000 0.000000000000000000 0.000000000000000000 nan
3715000000.000000 0.000000000000000000 0.000000000000000000 nan
3720000000.000000 0.000000000000000000 0.000000000000000000 nan
3725000000.000000 0.000000000000000000 0.000000000000000000 nan
3730000000.000000 0.000000000000000000 0.000000000000000000 nan
3735000000.000000 0.000000000000000000 0.000000000000000000 nan
3740000000.000000 0.000000000000000000 0.000000000000000000 nan
3745000000.000000 0.000000000000000000 0.000000000000000000 nan
3750000000.000000 0.000000000000000000 0.000000000000000000 nan
3755000000.000000 0.000000000000000000 0.000000000000000000 nan
3760000000.000000 0.000000000000000000 0.000000000000000000 nan
3765000000.000000 0.000000000000000000 0.000000000000000000 nan
3770000000.000000 0.000000000000000000 0.000000000000000000 nan
3775000000.000000 0.000000000000000000 0.000000000000000000 nan
3780000000.000000 0.000000000000000000 0.000000000000000000 nan
3785000000.000000 0.000000000000000000 0.000000000000000000 nan
3790000000.000000 0.000000000000000000 0.000000000000000000 nan
3795000000.000000 0.000000000000000000 0.000000000000000000 nan
3800000000.000000 0.000000000000000000 0.000000000000000000 nan
3805000000.000000 0.000000000000000000 0.000000000000000000 nan
3810000000.000000 0.000000000000000000 0.000000000000000000 nan
3815000000.000000 0.000000000000000000 0.000000000000000000 nan
3820000000.000000 0.000000000000000000 0.000000000000000000 nan
3825000000.000000 0.000000000000000000 0.000000000000000000 nan
3830000000.000000 0.000000000000000000 0.000000000000000000 nan
3835000000.000000 0.000000000000000000 0.000000000000000000 nan
3840000000.000000 0.000000000000000000 0.000000000000000000 nan
3845000000.000000 0.000000000000000000 0.000000000000000000 nan
3850000000.000000 0.000000000000000000 0.000000000000000000 nan
3855000000.000000 0.000000000000000000 0.000000000000000000 nan
3860000000.000000 0.000000000000000000 0.000000000000000000 nan
3865000000.000000 0.000000000000000000 0.000000000000000000 nan
3870000000.000000 0.000000000000000000 0.000000000000000000 nan
3875000000.000000 0.000000000000000000 0.000000000000000000 nan
3880000000.000000 0.000000000000000000 0.000000000000000000 nan
3885000000.000000 0.000000000000000000 0.000000000000000000 nan
3890000000.000000 0.000000000000000000 0.000000000000000000 nan
3895000000.000000 0.000000000000000000 0.000000000000000000 nan
3900000000.000000 0.000000000000000000 0.000000000000000000 nan
3905000000.000000 0.000000000000000000 0.000000000000000000 nan
3910000000.000000 0.000000000000000000 0.000000000000000000 nan
3915000000.000000 0.000000000000000000 0.000000000000000000 nan
3920000000.000000 0.000000000000000000 0.000000000000000000 nan
3925000000.000000 0.000000000000000000 0.000000000000000000 nan
3930000000.000000 0.000000000000000000 0.000000000000000000 nan
3935000000.000000 0.000000000000000000 0.000000000000000000 nan
3940000000.000000 0.000000000000000000 0.000000000000000000 nan
3945000000.000000 0.000000000000000000 0.000000000000000000 nan
3950000000.000000 0.000000000000000000 0.000000000000000000 nan
3955000000.000000 0.000000000000000000 0.000000000000000000 nan
3960000000.000000 0.000000000000000000 0.000000000000000000 nan
3965000000.000000 0.000000000000000000 0.000000000000000000 nan
3970000000.000000 0.000000000000000000 0.000000000000000000 nan
3975000000.000000 0.000000000000000000 0.000000000000000000 nan
3980000000.000000 0.000000000000000000 0.000000000000000000 nan
3985000000.000000 0.000000000000000000 0.000000000000000000 nan
3990000000.000000 0.000000000000000000 0.000000000000000000 nan
3995000000.000000 0.000000000000000000 0.000000000000000000 nan
4000000000.000000 0.000000000000000000 0.000000000000000000 nan
4005000000.000000 0.000000000000000000 0.000000000000000000 nan
4010000000.000000 0.000000000000000000 0.000000000000000000 nan
4015000000.000000 0.000000000000000000 0.000000000000000000 nan
4020000000.000000 0.000000000000000000 0.000000000000000000 nan
4025000000.000000 0.000000000000000000 0.000000000000000000 nan
4030000000.000000 0.000000000000000000 0.000000000000000000 nan
4035000000.000000 0.000000000000000000 0.000000000000000000 nan
4040000000.000000 0.000000000000000000 0.000000000000000000 nan
4045000000.000000 0.000000000000000000 0.000000000000000000 nan
4050000000.000000 0.000000000000000000 0.000000000000000000 nan
4055000000.000000 0.000000000000000000 0.000000000000000000 nan
4060000000.000000 0.000000000000000000 0.000000000000000000 nan
4065000000.000000 0.000000000000000000 0.000000000000000000 nan
4070000000.000000 0.000000000000000000 0.000000000000000000 nan
4075000000.000000 0.000000000000000000 0.000000000000000000 nan
4080000000.000000 0.000000000000000000 0.000000000000000000 nan
4085000000.000000 0.000000000000000000 0.000000000000000000 nan
4090000000.000000 0.000000000000000000 0.000000000000000000 nan
4095000000.000000 0.000000000000000000 0.000000000000000000 nan
4100000000.000000 0.000000000000000000 0.000000000000000000 nan
4105000000.000000 0.000000000000000000 0.000000000000000000 nan
4110000000.000000 0.000000000000000000 0.000000000000000000 nan
4115000000.000000 0.000000000000000000 0.000000000000000000 nan
4120000000.000000 0.000000000000000000 0.000000000000000000 nan
4125000000.000000 0.000000000000000000 0.000000000000000000 nan
4130000000.000000 0.000000000000000000 0.000000000000000000 nan
4135000000.000000 0.000000000000000000 0.000000000000000000 nan
4140000000.000000 0.000000000000000000 0.000000000000000000 nan
4145000000.000000 0.000000000000000000 0.000000000000000000 nan
4150000000.000000 0.000000000000000000 0.000000000000000000 nan
4155000000.000000 0.000000000000000000 0.000000000000000000 nan
4160000000.000000 0.000000000000000000 0.000000000000000000 nan
4165000000.000000 0.000000000000000000 0.000000000000000000 nan
4170000000.000000 0.000000000000000000 0.000000000000000000 nan
4175000000.000000 0.000000000000000000 0.000000000000000000 nan
4180000000.000000 0.000000000000000000 0.000000000000000000 nan
4185000000.000000 0.000000000000000000 0.000000000000000000 nan
4190000000.000000 0.000000000000000000 0.000000000000000000 nan
4195000000.000000 0.000000000000000000 0.000000000000000000 nan
4200000000.000000 0.000000000000000000 0.000000000000000000 nan
4205000000.000000 0.000000000000000000 0.000000000000000000 nan
4210000000.000000 0.000000000000000000 0.000000000000000000 nan
4215000000.000000 0.000000000000000000 0.000000000000000000 nan
4220000000.000000 0.000000000000000000 0.000000000000000000 nan
4225000000.000000 0.000000000000000000 0.000000000000000000 nan
4230000000.000000 0.000000000000000000 0.000000000000000000 nan
4235000000.000000 0.000000000000000000 0.000000000000000000 nan
4240000000.000000 0.000000000000000000 0.000000000000000000 nan
4245000000.000000 0.000000000000000000 0.000000000000000000 nan
4250000000.000000 0.000000000000000000 0.000000000000000000 nan
4255000000.000000 0.000000000000000000 0.000000000000000000 nan
4260000000.000000 0.000000000000000000 0.000000000000000000 nan
4265000000.000000 0.000000000000000000 0.000000000000000000 nan
4270000000.000000 0.000000000000000000 0.000000000000000000 nan
4275000000.000000 0.000000000000000000 0.000000000000000000 nan
4280000000.000000 0.000000000000000000 0.000000000000000000 nan
4285000000.000000 0.000000000000000000 0.000000000000000000 nan
4290000000.000000 0.000000000000000000 0.000000000000000000 nan
4295000000.000000 0.000000000000000000 0.000000000000000000 nan
4300000000.000000 0.000000000000000000 0.000000000000000000 nan
4305000000.000000 0.000000000000000000 0.000000000000000000 nan
4310000000.000000 0.000000000000000000 0.000000000000000000 nan
4315000000.000000 0.000000000000000000 0.000000000000000000 nan
4320000000.000000 0.000000000000000000 0.000000000000000000 nan
4325000000.000000 0.000000000000000000 0.000000000000000000 nan
4330000000.000000 0.000000000000000000 0.000000000000000000 nan
4335000000.000000 0.000000000000000000 0.000000000000000000 nan
4340000000.000000 0.000000000000000000 0.000000000000000000 nan
4345000000.000000 0.000000000000000000 0.000000000000000000 nan
4350000000.000000 0.000000000000000000 0.000000000000000000 nan
4355000000.000000 0.000000000000000000 0.000000000000000000 nan
4360000000.000000 0.000000000000000000 0.000000000000000000 nan
4365000000.000000 0.000000000000000000 0.000000000000000000 nan
4370000000.000000 0.000000000000000000 0.000000000000000000 nan
4375000000.000000 0.000000000000000000 0.000000000000000000 nan
4380000000.000000 0.000000000000000000 0.000000000000000000 nan
4385000000.000000 0.000000000000000000 0.000000000000000000 nan
4390000000.000000 0.000000000000000000 0.000000000000000000 nan
4395000000.000000 0.000000000000000000 0.000000000000000000 nan
4400000000.000000 0.000000000000000000 0.000000000000000000 nan
4405000000.000000 0.000000000000000000 0.000000000000000000 nan
4410000000.000000 0.000000000000000000 0.000000000000000000 nan
4415000000.000000 0.000000000000000000 0.000000000000000000 nan
4420000000.000000 0.000000000000000000 0.000000000000000000 nan
4425000000.000000 0.000000000000000000 0.000000000000000000 nan
4430000000.000000 0.000000000000000000 0.000000000000000000 nan
4435000000.000000 0.000000000000000000 0.000000000000000000 nan
4440000000.000000 0.000000000000000000 0.000000000000000000 nan
4445000000.000000 0.000000000000000000 0.000000000000000000 nan
4450000000.000000 0.000000000000000000 0.000000000000000000 nan
4455000000.000000 0.000000000000000000 0.000000000000000000 nan
4460000000.000000 0.000000000000000000 0.000000000000000000 nan
4465000000.000000 0.000000000000000000 0.000000000000000000 nan
4470000000.000000 0.000000000000000000 0.000000000000000000 nan
4475000000.000000 0.000000000000000000 0.000000000000000000 nan
4480000000.000000 0.000000000000000000 0.000000000000000000 nan
4485000000.000000 0.000000000000000000 0.000000000000000000 nan
4490000000.000000 0.000000000000000000 0.000000000000000000 nan
4495000000.000000 0.000000000000000000 0.000000000000000000 nan
4500000000.000000 0.000000000000000000 0.000000000000000000 nan
4505000000.000000 0.000000000000000000 0.000000000000000000 nan
4510000000.000000 0.000000000000000000 0.000000000000000000 nan
4515000000.000000 0.000000000000000000 0.000000000000000000 nan
4520000000.000000 0.000000000000000000 0.000000000000000000 nan
4525000000.000000 0.000000000000000000 0.000000000000000000 nan
4530000000.000000 0.000000000000000000 0.000000000000000000 nan
4535000000.000000 0.000000000000000000 0.000000000000000000 nan
4540000000.000000 0.000000000000000000 0.000000000000000000 nan
4545000000.000000 0.000000000000000000 0.000000000000000000 nan
4550000000.000000 0.000000000000000000 0.000000000000000000 nan
4555000000.000000 0.000000000000000000 0.000000000000000000 nan
4560000000.000000 0.000000000000000000 0.000000000000000000 nan
4565000000.000000 0.000000000000000000 0.000000000000000000 nan
4570000000.000000 0.000000000000000000 0.000000000000000000 nan
4575000000.000000 0.000000000000000000 0.000000000000000000 nan
4580000000.000000 0.000000000000000000 0.000000000000000000 nan
4585000000.000000 0.000000000000000000 0.000000000000000000 nan
4590000000.000000 0.000000000000000000 0.000000000000000000 nan
4595000000.000000 0.000000000000000000 0.000000000000000000 nan
4600000000.000000 0.000000000000000000 0.000000000000000000 nan
4605000000.000000 0.000000000000000000 0.000000000000000000 nan
4610000000.000000 0.000000000000000000 0.000000000000000000 nan
4615000000.000000 0.000000000000000000 0.000000000000000000 nan
4620000000.000000 0.000000000000000000 0.000000000000000000 nan
4625000000.000000 0.000000000000000000 0.000000000000000000 nan
4630000000.000000 0.000000000000000000 0.000000000000000000 nan
4635000000.000000 0.000000000000000000 0.000000000000000000 nan
4640000000.000000 0.000000000000000000 0.000000000000000000 nan
4645000000.000000 0.000000000000000000 0.000000000000000000 nan
4650000000.000000 0.000000000000000000 0.000000000000000000 nan
4655000000.000000 0.000000000000000000 0.000000000000000000 nan
4660000000.000000 0.000000000000000000 0.000000000000000000 nan
4665000000.000000 0.000000000000000000 0.000000000000000000 nan
4670000000.000000 0.000000000000000000 0.000000000000000000 nan
4675000000.000000 0.000000000000000000 0.000000000000000000 nan
4680000000.000000 0.000000000000000000 0.000000000000000000 nan
4685000000.000000 0.000000000000000000 0.000000000000000000 nan
4690000000.000000 0.000000000000000000 0.000000000000000000 nan
4695000000.000000 0.000000000000000000 0.000000000000000000 nan
4700000000.000000 0.000000000000000000 0.000000000000000000 nan
4705000000.000000 0.000000000000000000 0.000000000000000000 nan
4710000000.000000 0.000000000000000000 0.000000000000000000 nan
4715000000.000000 0.000000000000000000 0.000000000000000000 nan
4720000000.000000 0.000000000000000000 0.000000000000000000 nan
4725000000.000000 0.000000000000000000 0.000000000000000000 nan
4730000000.000000 0.000000000000000000 0.000000000000000000 nan
4735000000.000000 0.000000000000000000 0.000000000000000000 nan
4740000000.000000 0.000000000000000000 0.000000000000000000 nan
4745000000.000000 0.000000000000000000 0.000000000000000000 nan
4750000000.000000 0.000000000000000000 0.000000000000000000 nan
4755000000.000000 0.000000000000000000 0.000000000000000000 nan
4760000000.000000 0.000000000000000000 0.000000000000000000 nan
4765000000.000000 0.000000000000000000 0.000000000000000000 nan
4770000000.000000 0.000000000000000000 0.000000000000000000 nan
4775000000.000000 0.000000000000000000 0.000000000000000000 nan
4780000000.000000 0.000000000000000000 0.000000000000000000 nan
4785000000.000000 0.000000000000000000 0.000000000000000000 nan
4790000000.000000 0.000000000000000000 0.000000000000000000 nan
4795000000.000000 0.000000000000000000 0.000000000000000000 nan
4800000000.000000 0.000000000000000000 0.000000000000000000 nan
4805000000.000000 0.000000000000000000 0.000000000000000000 nan
4810000000.000000 0.000000000000000000 0.000000000000000000 nan
4815000000.000000 0.000000000000000000 0.000000000000000000 nan
4820000000.000000 0.000000000000000000 0.000000000000000000 nan
4825000000.000000 0.000000000000000000 0.000000000000000000 nan
4830000000.000000 0.000000000000000000 0.000000000000000000 nan
4835000000.000000 0.000000000000000000 0.000000000000000000 nan
4840000000.000000 0.000000000000000000 0.000000000000000000 nan
4845000000.000000 0.000000000000000000 0.000000000000000000 nan
4850000000.000000 0.000000000000000000 0.000000000000000000 nan
4855000000.000000 0.000000000000000000 0.000000000000000000 nan
4860000000.000000 0.000000000000000000 0.000000000000000000 nan
4865000000.000000 0.000000000000000000 0.000000000000000000 nan
4870000000.000000 0.000000000000000000 0.000000000000000000 nan
4875000000.000000 0.000000000000000000 0.000000000000000000 nan
4880000000.000000 0.000000000000000000 0.000000000000000000 nan
4885000000.000000 0.000000000000000000 0.000000000000000000 nan
4890000000.000000 0.000000000000000000 0.000000000000000000 nan
4895000000.000000 0.000000000000000000 0.000000000000000000 nan
4900000000.000000 0.000000000000000000 0.000000000000000000 nan
4905000000.000000 0.000000000000000000 0.000000000000000000 nan
4910000000.000000 0.000000000000000000 0.000000000000000000 nan
4915000000.000000 0.000000000000000000 0.000000000000000000 nan
4920000000.000000 0.000000000000000000 0.000000000000000000 nan
4925000000.000000 0.000000000000000000 0.000000000000000000 nan
4930000000.000000 0.000000000000000000 0.000000000000000000 nan
4935000000.000000 0.000000000000000000 0.000000000000000000 nan
4940000000.000000 0.000000000000000000 0.000000000000000000 nan
4945000000.000000 0.000000000000000000 0.000000000000000000 nan
4950000000.000000 0.000000000000000000 0.000000000000000000 nan
4955000000.000000 0.000000000000000000 0.000000000000000000 nan
4960000000.000000 0.000000000000000000 0.000000000000000000 nan
4965000000.000000 0.000000000000000000 0.000000000000000000 nan
4970000000.000000 0.000000000000000000 0.000000000000000000 nan
4975000000.000000 0.000000000000000000 0.000000000000000000 nan
4980000000.000000 0.000000000000000000 0.000000000000000000 nan
4985000000.000000 0.000000000000000000 0.000000000000000000 nan
4990000000.000000 0.000000000000000000 0.000000000000000000 nan
4995000000.000000 0.000000000000000000 0.000000000000000000 nan
5000000000.000000 0.000000000000000000 0.000000000000000000 nan
5005000000.000000 0.000000000000000000 0.000000000000000000 nan
5010000000.000000 0.000000000000000000 0.000000000000000000 nan
5015000000.000000 0.000000000000000000 0.000000000000000000 nan
5020000000.000000 0.000000000000000000 0.000000000000000000 nan
5025000000.000000 0.000000000000000000 0.000000000000000000 nan
5030000000.000000 0.000000000000000000 0.000000000000000000 nan
5035000000.000000 0.000000000000000000 0.000000000000000000 nan
5040000000.000000 0.000000000000000000 0.000000000000000000 nan
5045000000.000000 0.000000000000000000 0.000000000000000000 nan
5050000000.000000 0.000000000000000000 0.000000000000000000 nan
5055000000.000000 0.000000000000000000 0.000000000000000000 nan
5060000000.000000 0.000000000000000000 0.000000000000000000 nan
5065000000.000000 0.000000000000000000 0.000000000000000000 nan
5070000000.000000 0.000000000000000000 0.000000000000000000 nan
5075000000.000000 0.000000000000000000 0.000000000000000000 nan
5080000000.000000 0.000000000000000000 0.000000000000000000 nan
5085000000.000000 0.000000000000000000 0.000000000000000000 nan
5090000000.000000 0.000000000000000000 0.000000000000000000 nan
5095000000.000000 0.000000000000000000 0.000000000000000000 nan
5100000000.000000 0.000000000000000000 0.000000000000000000 nan
5105000000.000000 0.000000000000000000 0.000000000000000000 nan
5110000000.000000 0.000000000000000000 0.000000000000000000 nan
5115000000.000000 0.000000000000000000 0.000000000000000000 nan
5120000000.000000 0.000000000000000000 0.000000000000000000 nan
5125000000.000000 0.000000000000000000 0.000000000000000000 nan
5130000000.000000 0.000000000000000000 0.000000000000000000 nan
5135000000.000000 0.000000000000000000 0.000000000000000000 nan
5140000000.000000 0.000000000000000000 0.000000000000000000 nan
5145000000.000000 0.000000000000000000 0.000000000000000000 nan
5150000000.000000 0.000000000000000000 0.000000000000000000 nan
5155000000.000000 0.000000000000000000 0.000000000000000000 nan
5160000000.000000 0.000000000000000000 0.000000000000000000 nan
5165000000.000000 0.000000000000000000 0.000000000000000000 nan
5170000000.000000 0.000000000000000000 0.000000000000000000 nan
5175000000.000000 0.000000000000000000 0.000000000000000000 nan
5180000000.000000 0.000000000000000000 0.000000000000000000 nan
5185000000.000000 0.000000000000000000 0.000000000000000000 nan
5190000000.000000 0.000000000000000000 0.000000000000000000 nan
5195000000.000000 0.000000000000000000 0.000000000000000000 nan
5200000000.000000 0.000000000000000000 0.000000000000000000 nan
5205000000.000000 0.000000000000000000 0.000000000000000000 nan
5210000000.000000 0.000000000000000000 0.000000000000000000 nan
5215000000.000000 0.000000000000000000 0.000000000000000000 nan
5220000000.000000 0.000000000000000000 0.000000000000000000 nan
5225000000.000000 0.000000000000000000 0.000000000000000000 nan
5230000000.000000 0.000000000000000000 0.000000000000000000 nan
5235000000.000000 0.000000000000000000 0.000000000000000000 nan
5240000000.000000 0.000000000000000000 0.000000000000000000 nan
5245000000.000000 0.000000000000000000 0.000000000000000000 nan
5250000000.000000 0.000000000000000000 0.000000000000000000 nan
5255000000.000000 0.000000000000000000 0.000000000000000000 nan
5260000000.000000 0.000000000000000000 0.000000000000000000 nan
5265000000.000000 0.000000000000000000 0.000000000000000000 nan
5270000000.000000 0.000000000000000000 0.000000000000000000 nan
5275000000.000000 0.000000000000000000 0.000000000000000000 nan
5280000000.000000 0.000000000000000000 0.000000000000000000 nan
5285000000.000000 0.000000000000000000 0.000000000000000000 nan
5290000000.000000 0.000000000000000000 0.000000000000000000 nan
5295000000.000000 0.000000000000000000 0.000000000000000000 nan
5300000000.000000 0.000000000000000000 0.000000000000000000 nan
5305000000.000000 0.000000000000000000 0.000000000000000000 nan
5310000000.000000 0.000000000000000000 0.000000000000000000 nan
5315000000.000000 0.000000000000000000 0.000000000000000000 nan
5320000000.000000 0.000000000000000000 0.000000000000000000 nan
5325000000.000000 0.000000000000000000 0.000000000000000000 nan
5330000000.000000 0.000000000000000000 0.000000000000000000 nan
5335000000.000000 0.000000000000000000 0.000000000000000000 nan
5340000000.000000 0.000000000000000000 0.000000000000000000 nan
5345000000.000000 0.000000000000000000 0.000000000000000000 nan
5350000000.000000 0.000000000000000000 0.000000000000000000 nan
5355000000.000000 0.000000000000000000 0.000000000000000000 nan
5360000000.000000 0.000000000000000000 0.000000000000000000 nan
5365000000.000000 0.000000000000000000 0.000000000000000000 nan
5370000000.000000 0.000000000000000000 0.000000000000000000 nan
5375000000.000000 0.000000000000000000 0.000000000000000000 nan
5380000000.000000 0.000000000000000000 0.000000000000000000 nan
5385000000.000000 0.000000000000000000 0.000000000000000000 nan
5390000000.000000 0.000000000000000000 0.000000000000000000 nan
5395000000.000000 0.000000000000000000 0.000000000000000000 nan
5400000000.000000 0.000000000000000000 0.000000000000000000 nan
5405000000.000000 0.000000000000000000 0.000000000000000000 nan
5410000000.000000 0.000000000000000000 0.000000000000000000 nan
5415000000.000000 0.000000000000000000 0.000000000000000000 nan
5420000000.000000 0.000000000000000000 0.000000000000000000 nan
5425000000.000000 0.000000000000000000 0.000000000000000000 nan
5430000000.000000 0.000000000000000000 0.000000000000000000 nan
5435000000.000000 0.000000000000000000 0.000000000000000000 nan
5440000000.000000 0.000000000000000000 0.000000000000000000 nan
5445000000.000000 0.000000000000000000 0.000000000000000000 nan
5450000000.000000 0.000000000000000000 0.000000000000000000 nan
5455000000.000000 0.000000000000000000 0.000000000000000000 nan
5460000000.000000 0.000000000000000000 0.000000000000000000 nan
5465000000.000000 0.000000000000000000 0.000000000000014547 0.000000000001165715
5470000000.000000 0.000000000000000000 0.000000000000103749 0.000000000008313811
5475000000.000000 0.000000000000000000 0.000000000000269320 0.000000000021580414
5480000000.000000 0.000000000000000000 0.000000000000501607 0.000000000040189404
5485000000.000000 0.000000000000000000 0.000000000000786653 0.000000000063017698
5490000000.000000 0.000000000000000000 0.000000000001106528 0.000000000088622677
5495000000.000000 0.000000000000000000 0.000000000001439763 0.000000000115278114
5500000000.000000 0.000000000000000000 0.000000000001761870 0.000000000141017897
5505000000.000000 0.000000000000000000 0.000000000002045945 0.000000000163686519
5510000000.000000 0.000000000000000000 0.000000000002263340 0.000000000180995134
5515000000.000000 0.000000000000000000 0.000000000002384392 0.000000000190581718
5520000000.000000 0.000000000000000000 0.000000000002379212 0.000000000190073766
5525000000.000000 0.000000000000000000 0.000000000002218491 0.000000000177151871
5530000000.000000 0.000000000000000000 0.000000000001874350 0.000000000149612540
5535000000.000000 0.000000000000000000 0.000000000001321181 0.000000000105428753
5540000000.000000 0.000000000000000000 0.000000000000536497 0.000000000042806970
5545000000.000000 0.000000000000000000 0.000000000000498261 0.000000000039760347
5550000000.000000 0.000000000000000000 0.000000000001796946 0.000000000143447247
5555000000.000000 0.000000000000000000 0.000000000003368006 0.000000000269051894
5560000000.000000 0.000000000000000000 0.000000000005213884 0.000000000416958893
5565000000.000000 0.000000000000000000 0.000000000007330525 0.000000000587105566
5570000000.000000 0.000000000000000000 0.000000000009707046 0.000000000778951181
5575000000.000000 0.000000000000000000 0.000000000012325568 0.000000000991448064
5580000000.000000 0.000000000000000000 0.000000000015161231 0.000000001223013824
5585000000.000000 0.000000000000000000 0.000000000018182404 0.000000001471504418
5590000000.000000 0.000000000000000000 0.000000000021351074 0.000000001734188727
5595000000.000000 0.000000000000000000 0.000000000024623384 0.000000002007726486
5600000000.000000 0.000000000000000000 0.000000000027950295 0.000000002288152831
5605000000.000000 0.000000000000000000 0.000000000031278293 0.000000002570874175
5610000000.000000 0.000000000000000000 0.000000000034550094 0.000000002850681339
5615000000.000000 0.000000000000000000 0.000000000037705265 0.000000003121786512
5620000000.000000 0.000000000000000000 0.000000000040680716 0.000000003377890278
5625000000.000000 0.000000000000000000 0.000000000043411009 0.000000003612283348
5630000000.000000 0.000000000000000000 0.000000000045828506 0.000000003817984547
5635000000.000000 0.000000000000000000 0.000000000047863387 0.000000003987912205
5640000000.000000 0.000000000000000000 0.000000000049443634 0.000000004115080984
5645000000.000000 0.000000000000000000 0.000000000050495135 0.000000004192811217
5650000000.000000 0.000000000000000000 0.000000000050942067 0.000000004214934299
5655000000.000000 0.000000000000000000 0.000000000050707753 0.000000004175976533
5660000000.000000 0.000000000000000000 0.000000000049716151 0.000000004071305794
5665000000.000000 0.000000000000000000 0.000000000047894080 0.000000003897230146
5670000000.000000 0.000000000000000000 0.000000000045174226 0.000000003651044458
5675000000.000000 0.000000000000000000 0.000000000041498838 0.000000003331028453
5680000000.000000 0.000000000000000000 0.000000000036823945 0.000000002936406392
5685000000.000000 0.000000000000000000 0.000000000031123796 0.000000002467283394
5690000000.000000 0.000000000000000000 0.000000000024395147 0.000000001924576169
5695000000.000000 0.000000000000000000 0.000000000016660935 0.000000001309956785
5700000000.000000 0.000000000000000000 0.000000000007972878 0.000000000625827937
5705000000.000000 0.000000000000000000 0.000000000001587509 0.000000000124652150
5710000000.000000 0.000000000000000000 0.000000000011909905 0.000000000937476820
5715000000.000000 0.000000000000000000 0.000000000022858543 0.000000001807610893
5720000000.000000 0.000000000000000000 0.000000000034278186 0.000000002728703668
5725000000.000000 0.000000000000000000 0.000000000046002739 0.000000003692677450
5730000000.000000 0.000000000000000000 0.000000000057866288 0.000000004689183518
5735000000.000000 0.000000000000000000 0.000000000069716002 0.000000005704941518
5740000000.000000 0.000000000000000001 0.000000000081425857 0.000000006723026305
5745000000.000000 0.000000000000000001 0.000000000092909610 0.000000007722246385
5750000000.000000 0.000000000000000001 0.000000000104130812 0.000000008676867236
5755000000.000000 0.000000000000000001 0.000000000115107136 0.000000009557040456
5760000000.000000 0.000000000000000001 0.000000000125906147 0.000000010330330881
5765000000.000000 0.000000000000000001 0.000000000136630250 0.000000010964577307
5770000000.000000 0.000000000000000002 0.000000000147390275 0.000000011431898128
5775000000.000000 0.000000000000000002 0.000000000158269938 0.000000011713039066
5780000000.000000 0.000000000000000002 0.000000000169286535 0.000000011800771392
5785000000.000000 0.000000000000000002 0.000000000180355293 0.000000011701096207
5790000000.000000 0.000000000000000002 0.000000000191264725 0.000000011431737771
5795000000.000000 0.000000000000000002 0.000000000201667877 0.000000011018455782
5800000000.000000 0.000000000000000002 0.000000000211090661 0.000000010490444391
5805000000.000000 0.000000000000000002 0.000000000218955197 0.000000009876141801
5810000000.000000 0.000000000000000002 0.000000000224614208 0.000000009200281648
5815000000.000000 0.000000000000000002 0.000000000227392174 0.000000008482386119
5820000000.000000 0.000000000000000002 0.000000000226629440 0.000000007736454794
5825000000.000000 0.000000000000000002 0.000000000221726320 0.000000006971429381
5830000000.000000 0.000000000000000001 0.000000000212184912 0.000000006192037242
5835000000.000000 0.000000000000000001 0.000000000197646795 0.000000005399723978
5840000000.000000 0.000000000000000001 0.000000000177925085 0.000000004593499512
5845000000.000000 0.000000000000000001 0.000000000153029487 0.000000003770609236
5850000000.000000 0.000000000000000000 0.000000000123183163 0.000000002926996492
5855000000.000000 0.000000000000000000 0.000000000088830370 0.000000002057551083
5860000000.000000 0.000000000000000000 0.000000000050634049 0.000000001156149368
5865000000.000000 0.000000000000000000 0.000000000009462709 0.000000000215491754
5870000000.000000 0.000000000000000000 0.000000000033633824 0.000000000773261694
5875000000.000000 0.000000000000000000 0.000000000077460085 0.000000001821063005
5880000000.000000 0.000000000000000000 0.000000000120722213 0.000000002941763169
5885000000.000000 0.000000000000000001 0.000000000162086904 0.000000004153111727
5890000000.000000 0.000000000000000001 0.000000000200252280 0.000000005477926645
5895000000.000000 0.000000000000000002 0.000000000234031206 0.000000006945285985
5900000000.000000 0.000000000000000002 0.000000000262448018 0.000000008591346591
5905000000.000000 0.000000000000000003 0.000000000284850225 0.000000010458866084
5910000000.000000 0.000000000000000004 0.000000000301036766 0.000000012593457368
5915000000.000000 0.000000000000000005 0.000000000311401882 0.000000015032801663
5920000000.000000 0.000000000000000006 0.000000000317083398 0.000000017782862057
5925000000.000000 0.000000000000000007 0.000000000320075664 0.000000020775644859
5930000000.000000 0.000000000000000008 0.000000000323209516 0.000000023815537834
5935000000.000000 0.000000000000000009 0.000000000329834755 0.000000026556491590
5940000000.000000 0.000000000000000010 0.000000000343079073 0.000000028584271149
5945000000.000000 0.000000000000000011 0.000000000364855019 0.000000029611330221
5950000000.000000 0.000000000000000012 0.000000000395166082 0.000000029627924458
5955000000.000000 0.000000000000000012 0.000000000432150469 0.000000028856701945
5960000000.000000 0.000000000000000013 0.000000000472696209 0.000000027585740600
5965000000.000000 0.000000000000000013 0.000000000513141627 0.000000026045183710
5970000000.000000 0.000000000000000013 0.000000000549776690 0.000000024375261714
5975000000.000000 0.000000000000000013 0.000000000579133551 0.000000022644260942
5980000000.000000 0.000000000000000012 0.000000000598149803 0.000000020875970336
5985000000.000000 0.000000000000000012 0.000000000604271855 0.000000019070815545
5990000000.000000 0.000000000000000010 0.000000000595531340 0.000000017218922638
5995000000.000000 0.000000000000000009 0.000000000570605465 0.000000015307354475
6000000000.000000 0.000000000000000007 0.000000000528862369 0.000000013323825695
6005000000.000000 0.000000000000000005 0.000000000470389418 0.000000011258438949
6010000000.000000 0.000000000000000004 0.000000000396002044 0.000000009104328525
6015000000.000000 0.000000000000000002 0.000000000307231366 0.000000006857680069
6020000000.000000 0.000000000000000001 0.000000000206289552 0.000000004517356792
6025000000.000000 0.000000000000000000 0.000000000096012482 0.000000002084231353
6030000000.000000 0.000000000000000000 0.000000000020220511 0.000000000439750993
6035000000.000000 0.000000000000000000 0.000000000138589995 0.000000003052798599
6040000000.000000 0.000000000000000001 0.000000000254963347 0.000000005754845774
6045000000.000000 0.000000000000000003 0.000000000365046199 0.000000008549564156
6050000000.000000 0.000000000000000005 0.000000000464560282 0.000000011446944109
6055000000.000000 0.000000000000000008 0.000000000549451197 0.000000014466603001
6060000000.000000 0.000000000000000011 0.000000000616132835 0.000000017641927588
6065000000.000000 0.000000000000000014 0.000000000661781781 0.000000021024816953
6070000000.000000 0.000000000000000017 0.000000000684708696 0.000000024689475197
6075000000.000000 0.000000000000000020 0.000000000684861183 0.000000028729320485
6080000000.000000 0.000000000000000022 0.000000000664562287 0.000000033227748916
6085000000.000000 0.000000000000000024 0.000000000629647532 0.000000038148532492
6090000000.000000 0.000000000000000025 0.000000000591068880 0.000000043035882288
6095000000.000000 0.000000000000000026 0.000000000566077098 0.000000046524086486
6100000000.000000 0.000000000000000027 0.000000000575318183 0.000000046538085282
6105000000.000000 0.000000000000000027 0.000000000632312906 0.000000042462384806
6110000000.000000 0.000000000000000027 0.000000000734475177 0.000000036324597647
6115000000.000000 0.000000000000000026 0.000000000867697257 0.000000030391563328
6120000000.000000 0.000000000000000026 0.000000001015710487 0.000000025586701073
6125000000.000000 0.000000000000000026 0.000000001164292504 0.000000021935636570
6130000000.000000 0.000000000000000025 0.000000001301731566 0.000000019182146867
6135000000.000000 0.000000000000000024 0.000000001418438358 0.000000017052654703
6140000000.000000 0.000000000000000023 0.000000001506651078 0.000000015327768344
6145000000.000000 0.000000000000000022 0.000000001560314999 0.000000013848323066
6150000000.000000 0.000000000000000020 0.000000001575055264 0.000000012504391954
6155000000.000000 0.000000000000000017 0.000000001548173407 0.000000011222402516
6160000000.000000 0.000000000000000015 0.000000001478628790 0.000000009954460436
6165000000.000000 0.000000000000000012 0.000000001366988430 0.000000008670484842
6170000000.000000 0.000000000000000009 0.000000001215341953 0.000000007352721994
6175000000.000000 0.000000000000000006 0.000000001027185318 0.000000005992003078
6180000000.000000 0.000000000000000004 0.000000000807279742 0.000000004585182252
6185000000.000000 0.000000000000000002 0.000000000561492528 0.000000003133324390
6190000000.000000 0.000000000000000000 0.000000000296625185 0.000000001640334785
6195000000.000000 0.000000000000000000 0.000000000020232165 0.000000000111815108
6200000000.000000 0.000000000000000000 0.000000000259568777 0.000000001446012000
6205000000.000000 0.000000000000000002 0.000000000534295870 0.000000003027443201
6210000000.000000 0.000000000000000004 0.000000000795315455 0.000000004628647503
6215000000.000000 0.000000000000000006 0.000000001034071644 0.000000006249445986
6220000000.000000 0.000000000000000010 0.000000001242339283 0.000000007895878904
6225000000.000000 0.000000000000000014 0.000000001412506742 0.000000009584205262
6230000000.000000 0.000000000000000017 0.000000001537896183 0.000000011347508489
6235000000.000000 0.000000000000000021 0.000000001613131783 0.000000013247044493
6240000000.000000 0.000000000000000025 0.000000001634574645 0.000000015392173958
6245000000.000000 0.000000000000000029 0.000000001600865592 0.000000017975551716
6250000000.000000 0.000000000000000032 0.000000001513676210 0.000000021334110325
6255000000.000000 0.000000000000000036 0.000000001378922439 0.000000026047354980
6260000000.000000 0.000000000000000040 0.000000001209084722 0.000000033054990936
6265000000.000000 0.000000000000000045 0.000000001028104336 0.000000043556988144
6270000000.000000 0.000000000000000051 0.000000000880375028 0.000000057477691368
6275000000.000000 0.000000000000000057 0.000000000833123293 0.000000068966494131
6280000000.000000 0.000000000000000065 0.000000000931608437 0.000000069904384591
6285000000.000000 0.000000000000000073 0.000000001146685285 0.000000063793205121
6290000000.000000 0.000000000000000081 0.000000001418509158 0.000000057056154302
6295000000.000000 0.000000000000000088 0.000000001701817474 0.000000051588427012
6300000000.000000 0.000000000000000093 0.000000001967298107 0.000000047297095272
6305000000.000000 0.000000000000000096 0.000000002194961562 0.000000043775059742
6310000000.000000 0.000000000000000096 0.000000002370488273 0.000000040679850602
6315000000.000000 0.000000000000000094 0.000000002483684530 0.000000037768214532
6320000000.000000 0.000000000000000088 0.000000002527824039 0.000000034873649294
6325000000.000000 0.000000000000000080 0.000000002499305198 0.000000031883892589
6330000000.000000 0.000000000000000069 0.000000002397397730 0.000000028725519203
6335000000.000000 0.000000000000000056 0.000000002223998479 0.000000025354143336
6340000000.000000 0.000000000000000043 0.000000001983376083 0.000000021748109632
6345000000.000000 0.000000000000000030 0.000000001681907283 0.000000017904164023
6350000000.000000 0.000000000000000018 0.000000001327814173 0.000000013834164607
6355000000.000000 0.000000000000000009 0.000000000930910936 0.000000009562272240
6360000000.000000 0.000000000000000003 0.000000000502364550 0.000000005122289380
6365000000.000000 0.000000000000000000 0.000000000054468857 0.000000000554944469
6370000000.000000 0.000000000000000002 0.000000000399573905 0.000000004095016928
6375000000.000000 0.000000000000000007 0.000000000845874920 0.000000008782054035
6380000000.000000 0.000000000000000017 0.000000001270099158 0.000000013463504585
6385000000.000000 0.000000000000000030 0.000000001657743289 0.000000018103913283
6390000000.000000 0.000000000000000045 0.000000001994473239 0.000000022680354974
6395000000.000000 0.000000000000000062 0.000000002266546146 0.000000027189366932
6400000000.000000 0.000000000000000078 0.000000002461344243 0.000000031656653569
6405000000.000000 0.000000000000000093 0.000000002568053764 0.000000036151836213
6410000000.000000 0.000000000000000105 0.000000002578538250 0.000000040812778154
6415000000.000000 0.000000000000000114 0.000000002488506869 0.000000045888515681
6420000000.000000 0.000000000000000119 0.000000002299240106 0.000000051817624218
6425000000.000000 0.000000000000000120 0.000000002020658126 0.000000059361952120
6430000000.000000 0.000000000000000117 0.000000001678275876 0.000000069714898283
6435000000.000000 0.000000000000000111 0.000000001332140101 0.000000083492631301
6440000000.000000 0.000000000000000104 0.000000001119684065 0.000000092969367884
6445000000.000000 0.000000000000000098 0.000000001227580559 0.000000079436628836
6450000000.000000 0.000000000000000093 0.000000001640880114 0.000000056917373251
6455000000.000000 0.000000000000000093 0.000000002198969166 0.000000042260269996
6460000000.000000 0.000000000000000096 0.000000002795221439 0.000000034327651565
6465000000.000000 0.000000000000000101 0.000000003371655044 0.000000029984500343
6470000000.000000 0.000000000000000107 0.000000003891567404 0.000000027384354225
6475000000.000000 0.000000000000000111 0.000000004329255623 0.000000025594088645
6480000000.000000 0.000000000000000113 0.000000004666633100 0.000000024154001523
6485000000.000000 0.000000000000000112 0.000000004891900712 0.000000022834204818
6490000000.000000 0.000000000000000108 0.000000004998745924 0.000000021515213041
6495000000.000000 0.000000000000000100 0.000000004985624651 0.000000020131567209
6500000000.000000 0.000000000000000091 0.000000004855028864 0.000000018645625794
6505000000.000000 0.000000000000000079 0.000000004612752553 0.000000017035607599
6510000000.000000 0.000000000000000065 0.000000004267194544 0.000000015290321029
6515000000.000000 0.000000000000000051 0.000000003828732700 0.000000013406925630
6520000000.000000 0.000000000000000038 0.000000003309191273 0.000000011389925767
6525000000.000000 0.000000000000000025 0.000000002721409933 0.000000009250512253
6530000000.000000 0.000000000000000015 0.000000002078912277 0.000000007005841242
6535000000.000000 0.000000000000000007 0.000000001395664148 0.000000004678090625
6540000000.000000 0.000000000000000002 0.000000000685907311 0.000000002293265925
6545000000.000000 0.000000000000000000 0.000000000035948621 0.000000000120206546
6550000000.000000 0.000000000000000002 0.000000000755394478 0.000000002533031812
6555000000.000000 0.000000000000000007 0.000000001457869150 0.000000004916664795
6560000000.000000 0.000000000000000015 0.000000002128806007 0.000000007244914247
6565000000.000000 0.000000000000000026 0.000000002753697914 0.000000009495454610
6570000000.000000 0.000000000000000039 0.000000003318201048 0.000000011651181755
6575000000.000000 0.000000000000000052 0.000000003808298008 0.000000013701383105
6580000000.000000 0.000000000000000066 0.000000004210540734 0.000000015642773028
6585000000.000000 0.000000000000000079 0.000000004512393045 0.000000017480617961
6590000000.000000 0.000000000000000090 0.000000004702690775 0.000000019230538889
6595000000.000000 0.000000000000000100 0.000000004772234581 0.000000020922341044
6600000000.000000 0.000000000000000107 0.000000004714527691 0.000000022608873800
6605000000.000000 0.000000000000000110 0.000000004526673416 0.000000024386683009
6610000000.000000 0.000000000000000111 0.000000004210471627 0.000000026444144938
6615000000.000000 0.000000000000000110 0.000000003773850854 0.000000029174343179
6620000000.000000 0.000000000000000108 0.000000003233112412 0.000000033440032963
6625000000.000000 0.000000000000000108 0.000000002617666127 0.000000041173162523
6630000000.000000 0.000000000000000112 0.000000001983474922 0.000000056467419867
6635000000.000000 0.000000000000000123 0.000000001456351832 0.000000084412779526
6640000000.000000 0.000000000000000141 0.000000001299690859 0.000000108228319930
6645000000.000000 0.000000000000000163 0.000000001648629255 0.000000099060909021
6650000000.000000 0.000000000000000188 0.000000002251677169 0.000000083536486108
6655000000.000000 0.000000000000000212 0.000000002900364497 0.000000073129379117
6660000000.000000 0.000000000000000233 0.000000003502869124 0.000000066418769183
6665000000.000000 0.000000000000000247 0.000000004013314387 0.000000061666252250
6670000000.000000 0.000000000000000255 0.000000004405053155 0.000000057851339667
6675000000.000000 0.000000000000000254 0.000000004662479238 0.000000054391006734
6680000000.000000 0.000000000000000243 0.000000004777932732 0.000000050937656900
6685000000.000000 0.000000000000000225 0.000000004750052155 0.000000047277318782
6690000000.000000 0.000000000000000198 0.000000004582583861 0.000000043279354825
6695000000.000000 0.000000000000000166 0.000000004283385620 0.000000038870454258
6700000000.000000 0.000000000000000131 0.000000003863568641 0.000000034020051548
6705000000.000000 0.000000000000000096 0.000000003336776075 0.000000028731175914
6710000000.000000 0.000000000000000063 0.000000002718602429 0.000000023033909805
6715000000.000000 0.000000000000000034 0.000000002026151357 0.000000016980114610
6720000000.000000 0.000000000000000014 0.000000001277720332 0.000000010638772749
6725000000.000000 0.000000000000000002 0.000000000492592974 0.000000004091605628
6730000000.000000 0.000000000000000001 0.000000000309086228 0.000000002571249551
6735000000.000000 0.000000000000000010 0.000000001106385061 0.000000009255689202
6740000000.000000 0.000000000000000030 0.000000001877639606 0.000000015868417194
6745000000.000000 0.000000000000000058 0.000000002600533360 0.000000022322281274
6750000000.000000 0.000000000000000093 0.000000003252245813 0.000000028542482653
6755000000.000000 0.000000000000000131 0.000000003809724045 0.000000034474111635
6760000000.000000 0.000000000000000170 0.000000004250138964 0.000000040091771668
6765000000.000000 0.000000000000000207 0.000000004551596595 0.000000045412759570
6770000000.000000 0.000000000000000237 0.000000004694185706 0.000000050516909210
6775000000.000000 0.000000000000000259 0.000000004661463599 0.000000055580097706
6780000000.000000 0.000000000000000271 0.000000004442543956 0.000000060937947685
6785000000.000000 0.000000000000000271 0.000000004035174653 0.000000067220385625
6790000000.000000 0.000000000000000261 0.000000003451066518 0.000000075657157443
6795000000.000000 0.000000000000000242 0.000000002728488699 0.000000088734771805
6800000000.000000 0.000000000000000218 0.000000001975218392 0.000000110236188979
6805000000.000000 0.000000000000000193 0.000000001523147235 0.000000126914537685
6810000000.000000 0.000000000000000176 0.000000001887876030 0.000000093148130192
6815000000.000000 0.000000000000000172 0.000000002851483954 0.000000060302081589
6820000000.000000 0.000000000000000183 0.000000004003049101 0.000000045780311191
6825000000.000000 0.000000000000000205 0.000000005170322913 0.000000039705367191
6830000000.000000 0.000000000000000232 0.000000006270110892 0.000000036936983405
6835000000.000000 0.000000000000000257 0.000000007250626246 0.000000035468465538
6840000000.000000 0.000000000000000279 0.000000008077559082 0.000000034524964285
6845000000.000000 0.000000000000000295 0.000000008729700268 0.000000033788851108
6850000000.000000 0.000000000000000305 0.000000009196553785 0.000000033111486439
6855000000.000000 0.000000000000000307 0.000000009476300352 0.000000032406252611
6860000000.000000 0.000000000000000303 0.000000009573848495 0.000000031609433039
6865000000.000000 0.000000000000000291 0.000000009499022701 0.000000030667497907
6870000000.000000 0.000000000000000274 0.000000009264973324 0.000000029534705537
6875000000.000000 0.000000000000000250 0.000000008886859371 0.000000028174260186
6880000000.000000 0.000000000000000223 0.000000008380815667 0.000000026560086357
6885000000.000000 0.000000000000000192 0.000000007763187031 0.000000024678034507
6890000000.000000 0.000000000000000159 0.000000007049995706 0.000000022526186129
6895000000.000000 0.000000000000000126 0.000000006256601836 0.000000020114322238
6900000000.000000 0.000000000000000094 0.000000005397516822 0.000000017462768748
6905000000.000000 0.000000000000000066 0.000000004486333041 0.000000014600853740
6910000000.000000 0.000000000000000041 0.000000003535738814 0.000000011565174965
6915000000.000000 0.000000000000000021 0.000000002557593132 0.000000008397820449
6920000000.000000 0.000000000000000008 0.000000001563039973 0.000000005144630718
6925000000.000000 0.000000000000000001 0.000000000562646498 0.000000001853546550
6930000000.000000 0.000000000000000001 0.000000000433447030 0.000000001426945992
6935000000.000000 0.000000000000000007 0.000000001415375174 0.000000004649281591
6940000000.000000 0.000000000000000018 0.000000002373400978 0.000000007768210264
6945000000.000000 0.000000000000000035 0.000000003297782353 0.000000010742137745
6950000000.000000 0.000000000000000057 0.000000004178658019 0.000000013534420335
6955000000.000000 0.000000000000000081 0.000000005005960329 0.000000016114607027
6960000000.000000 0.000000000000000107 0.000000005769363231 0.000000018459599504
6965000000.000000 0.000000000000000133 0.000000006458275001 0.000000020554673549
6970000000.000000 0.000000000000000158 0.000000007061886964 0.000000022394276347
6975000000.000000 0.000000000000000182 0.000000007569290942 0.000000023982488621
6980000000.000000 0.000000000000000202 0.000000007969679357 0.000000025333028519
6985000000.000000 0.000000000000000218 0.000000008252642277 0.000000026468692632
6990000000.000000 0.000000000000000231 0.000000008408574577 0.000000027420205382
6995000000.000000 0.000000000000000238 0.000000008429203174 0.000000028224622365
