4000.000000 0.000000000000 0.000000000000 nan
4005.000000 0.000000000000 0.000000000000 nan
4010.000000 0.000000000000 0.000000000000 nan
4015.000000 0.000000000000 0.000000000000 nan
4020.000000 0.000000000000 0.000000000000 nan
4025.000000 0.000000000000 0.000000000000 nan
4030.000000 0.000000000000 0.000000000000 nan
4035.000000 0.000000000000 0.000000000000 nan
4040.000000 0.000000000000 0.000000000000 nan
4045.000000 0.000000000000 0.000000000000 nan
4050.000000 0.000000000000 0.000000000000 nan
4055.000000 0.000000000000 0.000000000000 nan
4060.000000 0.000000000000 0.000000000000 nan
4065.000000 0.000000000000 0.000000000000 nan
4070.000000 0.000000000000 0.000000000000 nan
4075.000000 0.000000000000 0.000000000000 nan
4080.000000 0.000000000000 0.000000000000 nan
4085.000000 0.000000000000 0.000000000000 nan
4090.000000 0.000000000000 0.000000000000 nan
4095.000000 0.000000000000 0.000000000000 nan
4100.000000 0.000000000000 0.000000000000 nan
4105.000000 0.000000000000 0.000000000000 nan
4110.000000 0.000000000000 0.000000000000 nan
4115.000000 0.000000000000 0.000000000000 nan
4120.000000 0.000000000000 0.000000000000 nan
4125.000000 0.000000000000 0.000000000000 nan
4130.000000 0.000000000000 0.000000000000 nan
4135.000000 0.000000000000 0.000000000000 nan
4140.000000 0.000000000000 0.000000000000 nan
4145.000000 0.000000000000 0.000000000000 nan
4150.000000 0.000000000000 0.000000000000 nan
4155.000000 0.000000000000 0.000000000000 nan
4160.000000 0.000000000000 0.000000000000 nan
4165.000000 0.000000000000 0.000000000000 nan
4170.000000 0.000000000000 0.000000000000 nan
4175.000000 0.000000000000 0.000000000000 nan
4180.000000 0.000000000000 0.000000000000 nan
4185.000000 0.000000000000 0.000000000000 nan
4190.000000 0.000000000000 0.000000000000 nan
4195.000000 0.000000000000 0.000000000000 nan
4200.000000 0.000000000000 0.000000000000 nan
4205.000000 0.000000000000 0.000000000000 nan
4210.000000 0.000000000000 0.000000000000 nan
4215.000000 0.000000000000 0.000000000000 nan
4220.000000 0.000000000000 0.000000000000 nan
4225.000000 0.000000000000 0.000000000000 nan
4230.000000 0.000000000000 0.000000000000 nan
4235.000000 0.000000000000 0.000000000000 nan
4240.000000 0.000000000000 0.000000000000 nan
4245.000000 0.000000000000 0.000000000000 nan
4250.000000 0.000000000000 0.000000000000 nan
4255.000000 0.000000000000 0.000000000000 nan
4260.000000 0.000000000000 0.000000000000 nan
4265.000000 0.000000000000 0.000000000000 nan
4270.000000 0.000000000000 0.000000000000 nan
4275.000000 0.000000000000 0.000000000000 nan
4280.000000 0.000000000000 0.000000000000 nan
4285.000000 0.000000000000 0.000000000000 nan
4290.000000 0.000000000000 0.000000000000 nan
4295.000000 0.000000000000 0.000000000000 nan
4300.000000 0.000000000000 0.000000000000 nan
4305.000000 0.000000000000 0.000000000000 nan
4310.000000 0.000000000000 0.000000000000 nan
4315.000000 0.000000000000 0.000000000000 nan
4320.000000 0.000000000000 0.000000000000 nan
4325.000000 0.000000000000 0.000000000000 nan
4330.000000 0.000000000000 0.000000000000 nan
4335.000000 0.000000000000 0.000000000000 nan
4340.000000 0.000000000000 0.000000000000 nan
4345.000000 0.000000000000 0.000000000000 nan
4350.000000 0.000000000000 0.000000000000 nan
4355.000000 0.000000000000 0.000000000000 nan
4360.000000 0.000000000000 0.000000000000 nan
4365.000000 0.000000000000 0.000000000000 nan
4370.000000 0.000000000000 0.000000000000 nan
4375.000000 0.000000000000 0.000000000000 nan
4380.000000 0.000000000000 0.000000000000 nan
4385.000000 0.000000000000 0.000000000000 nan
4390.000000 0.000000000000 0.000000000000 nan
4395.000000 0.000000000000 0.000000000000 nan
4400.000000 0.000000000000 0.000000000000 nan
4405.000000 0.000000000000 0.000000000000 nan
4410.000000 0.000000000000 0.000000000000 nan
4415.000000 0.000000000000 0.000000000000 nan
4420.000000 0.000000000000 0.000000000000 nan
4425.000000 0.000000000000 0.000000000000 nan
4430.000000 0.000000000000 0.000000000000 nan
4435.000000 0.000000000000 0.000000000000 nan
4440.000000 0.000000000000 0.000000000000 nan
4445.000000 0.000000000000 0.000000000000 nan
4450.000000 0.000000000000 0.000000000000 nan
4455.000000 0.000000000000 0.000000000000 nan
4460.000000 0.000000000000 0.000000000000 nan
4465.000000 0.000000000000 0.000000000000 nan
4470.000000 0.000000000000 0.000000000000 nan
4475.000000 0.000000000000 0.000000000000 nan
4480.000000 0.000000000000 0.000000000000 nan
4485.000000 0.000000000000 0.000000000000 nan
4490.000000 0.000000000000 0.000000000000 nan
4495.000000 0.000000000000 0.000000000000 nan
4500.000000 0.000000000000 0.000000000000 nan
4505.000000 0.000000000000 0.000000000000 nan
4510.000000 0.000000000000 0.000000000000 nan
4515.000000 0.000000000000 0.000000000000 nan
4520.000000 0.000000000000 0.000000000000 nan
4525.000000 0.000000000000 0.000000000000 nan
4530.000000 0.000000000000 0.000000000000 nan
4535.000000 0.000000000000 0.000000000000 nan
4540.000000 0.000000000000 0.000000000000 nan
4545.000000 0.000000000000 0.000000000000 nan
4550.000000 0.000000000000 0.000000000000 nan
4555.000000 0.000000000000 0.000000000000 nan
4560.000000 0.000000000000 0.000000000000 nan
4565.000000 0.000000000000 0.000000000000 nan
4570.000000 0.000000000000 0.000000000000 nan
4575.000000 0.000000000000 0.000000000000 nan
4580.000000 0.000000000000 0.000000000000 nan
4585.000000 0.000000000000 0.000000000000 nan
4590.000000 0.000000000000 0.000000000000 nan
4595.000000 0.000000000000 0.000000000000 nan
4600.000000 0.000000000000 0.000000000000 nan
4605.000000 0.000000000000 0.000000000000 nan
4610.000000 0.000000000000 0.000000000000 nan
4615.000000 0.000000000000 0.000000000000 nan
4620.000000 0.000000000000 0.000000000000 nan
4625.000000 0.000000000000 0.000000000000 nan
4630.000000 0.000000000000 0.000000000000 nan
4635.000000 0.000000000000 0.000000000000 nan
4640.000000 0.000000000000 0.000000000000 nan
4645.000000 0.000000000000 0.000000000000 nan
4650.000000 0.000000000000 0.000000000000 nan
4655.000000 0.000000000000 0.000000000000 nan
4660.000000 0.000000000000 0.000000000000 nan
4665.000000 0.000000000000 0.000000000000 nan
4670.000000 0.000000000000 0.000000000000 nan
4675.000000 0.000000000000 0.000000000000 nan
4680.000000 0.000000000000 0.000000000000 nan
4685.000000 0.000000000000 0.000000000000 nan
4690.000000 0.000000000000 0.000000000000 nan
4695.000000 0.000000000000 0.000000000000 nan
4700.000000 0.000000000000 0.000000000000 nan
4705.000000 0.000000000000 0.000000000000 nan
4710.000000 0.000000000000 0.000000000000 nan
4715.000000 0.000000000000 0.000000000000 nan
4720.000000 0.000000000000 0.000000000000 nan
4725.000000 0.000000000000 0.000000000000 nan
4730.000000 0.000000000000 0.000000000000 nan
4735.000000 0.000000000000 0.000000000000 nan
4740.000000 0.000000000000 0.000000000000 nan
4745.000000 0.000000000000 0.000000000000 nan
4750.000000 0.000000000000 0.000000000000 nan
4755.000000 0.000000000000 0.000000000000 nan
4760.000000 0.000000000000 0.000000000000 nan
4765.000000 0.000000000000 0.000000000000 nan
4770.000000 0.000000000000 0.000000000000 nan
4775.000000 0.000000000000 0.000000000000 nan
4780.000000 0.000000000000 0.000000000000 nan
4785.000000 0.000000000000 0.000000000000 nan
4790.000000 0.000000000000 0.000000000000 nan
4795.000000 0.000000000000 0.000000000000 nan
4800.000000 0.000000000000 0.000000000000 nan
4805.000000 0.000000000000 0.000000000000 nan
4810.000000 0.000000000000 0.000000000000 nan
4815.000000 0.000000000000 0.000000000000 nan
4820.000000 0.000000000000 0.000000000000 nan
4825.000000 0.000000000000 0.000000000000 nan
4830.000000 0.000000000000 0.000000000000 nan
4835.000000 0.000000000000 0.000000000000 nan
4840.000000 0.000000000000 0.000000000000 nan
4845.000000 0.000000000000 0.000000000000 nan
4850.000000 0.000000000000 0.000000000000 nan
4855.000000 0.000000000000 0.000000000000 nan
4860.000000 0.000000000000 0.000000000000 nan
4865.000000 0.000000000000 0.000000000000 nan
4870.000000 0.000000000000 0.000000000000 nan
4875.000000 0.000000000000 0.000000000000 nan
4880.000000 0.000000000000 0.000000000000 nan
4885.000000 0.000000000000 0.000000000000 nan
4890.000000 0.000000000000 0.000000000000 nan
4895.000000 0.000000000000 0.000000000000 nan
4900.000000 0.000000000000 0.000000000000 nan
4905.000000 0.000000000000 0.000000000000 nan
4910.000000 0.000000000000 0.000000000000 nan
4915.000000 0.000000000000 0.000000000000 nan
4920.000000 0.000000000000 0.000000000000 nan
4925.000000 0.000000000000 0.000000000000 nan
4930.000000 0.000000000000 0.000000000000 nan
4935.000000 0.000000000000 0.000000000000 nan
4940.000000 0.000000000000 0.000000000000 nan
4945.000000 0.000000000000 0.000000000000 nan
4950.000000 0.000000000000 0.000000000000 nan
4955.000000 0.000000000000 0.000000000000 nan
4960.000000 0.000000000000 0.000000000000 nan
4965.000000 0.000000000000 0.000000000000 nan
4970.000000 0.000000000000 0.000000000000 nan
4975.000000 0.000000000000 0.000000000000 nan
4980.000000 0.000000000000 0.000000000000 nan
4985.000000 0.000000000000 0.000000000000 nan
4990.000000 0.000000000000 0.000000000000 nan
4995.000000 0.000000000000 0.000000000000 nan
5000.000000 0.000000000000 0.000000000000 nan
5005.000000 0.000000000000 0.000000000000 nan
5010.000000 0.000000000000 0.000000000000 nan
5015.000000 0.000000000000 0.000000000000 nan
5020.000000 0.000000000000 0.000000000000 nan
5025.000000 0.000000000000 0.000000000000 nan
5030.000000 0.000000000000 0.000000000000 nan
5035.000000 0.000000000000 0.000000000000 nan
5040.000000 0.000000000000 0.000000000000 nan
5045.000000 0.000000000000 0.000000000000 nan
5050.000000 0.000000000000 0.000000000000 nan
5055.000000 0.000000000000 0.000000000000 nan
5060.000000 0.000000000000 0.000000000000 nan
5065.000000 0.000000000000 0.000000000000 nan
5070.000000 0.000000000000 0.000000000000 nan
5075.000000 0.000000000000 0.000000000000 nan
5080.000000 0.000000000000 0.000000000000 nan
5085.000000 0.000000000000 0.000000000000 nan
5090.000000 0.000000000000 0.000000000000 nan
5095.000000 0.000000000000 0.000000000000 nan
5100.000000 0.000000000000 0.000000000000 nan
5105.000000 0.000000000000 0.000000000000 nan
5110.000000 0.000000000000 0.000000000000 nan
5115.000000 0.000000000000 0.000000000000 nan
5120.000000 0.000000000000 0.000000000000 nan
5125.000000 0.000000000000 0.000000000000 nan
5130.000000 0.000000000000 0.000000000000 nan
5135.000000 0.000000000000 0.000000000000 nan
5140.000000 0.000000000000 0.000000000000 nan
5145.000000 0.000000000000 0.000000000000 nan
5150.000000 0.000000000000 0.000000000000 nan
5155.000000 0.000000000000 0.000000000000 nan
5160.000000 0.000000000000 0.000000000000 nan
5165.000000 0.000000000000 0.000000000000 nan
5170.000000 0.000000000000 0.000000000000 nan
5175.000000 0.000000000000 0.000000000000 nan
5180.000000 0.000000000000 0.000000000000 nan
5185.000000 0.000000000000 0.000000000000 nan
5190.000000 0.000000000000 0.000000000000 nan
5195.000000 0.000000000000 0.000000000000 nan
5200.000000 0.000000000000 0.000000000000 nan
5205.000000 0.000000000000 0.000000000000 nan
5210.000000 0.000000000000 0.000000000000 nan
5215.000000 0.000000000000 0.000000000000 nan
5220.000000 0.000000000000 0.000000000000 nan
5225.000000 0.000000000000 0.000000000000 nan
5230.000000 0.000000000000 0.000000000000 nan
5235.000000 0.000000000000 0.000000000000 nan
5240.000000 0.000000000000 0.000000000000 nan
5245.000000 0.000000000000 0.000000000000 nan
5250.000000 0.000000000000 0.000000000000 nan
5255.000000 0.000000000000 0.000000000000 nan
5260.000000 0.000000000000 0.000000000000 nan
5265.000000 0.000000000000 0.000000000000 nan
5270.000000 0.000000000000 0.000000000000 nan
5275.000000 0.000000000000 0.000000000000 nan
5280.000000 0.000000000000 0.000000000000 nan
5285.000000 0.000000000000 0.000000000000 nan
5290.000000 0.000000000000 0.000000000000 nan
5295.000000 0.000000000000 0.000000000000 nan
5300.000000 0.000000000000 0.000000000000 nan
5305.000000 0.000000000000 0.000000000000 nan
5310.000000 0.000000000000 0.000000000000 nan
5315.000000 0.000000000000 0.000000000000 nan
5320.000000 0.000000000000 0.000000000000 nan
5325.000000 0.000000000000 0.000000000000 nan
5330.000000 0.000000000000 0.000000000000 nan
5335.000000 0.000000000000 0.000000000000 nan
5340.000000 0.000000000000 0.000000000000 nan
5345.000000 0.000000000000 0.000000000000 nan
5350.000000 0.000000000000 0.000000000000 nan
5355.000000 0.000000000000 0.000000000000 nan
5360.000000 0.000000000000 0.000000000000 nan
5365.000000 0.000000000000 0.000000000000 nan
5370.000000 0.000000000000 0.000000000000 nan
5375.000000 0.000000000000 0.000000000000 nan
5380.000000 0.000000000000 0.000000000000 nan
5385.000000 0.000000000000 0.000000000000 nan
5390.000000 0.000000000000 0.000000000000 nan
5395.000000 0.000000000000 0.000000000000 nan
5400.000000 0.000000000000 0.000000000000 nan
5405.000000 0.000000000000 0.000000000000 nan
5410.000000 0.000000000000 0.000000000000 nan
5415.000000 0.000000000000 0.000000000000 nan
5420.000000 0.000000000000 0.000000000000 nan
5425.000000 0.000000000000 0.000000000000 nan
5430.000000 0.000000000000 0.000000000000 nan
5435.000000 0.000000000000 0.000000000000 nan
5440.000000 0.000000000000 0.000000000000 nan
5445.000000 0.000000000000 0.000000000000 nan
5450.000000 0.000000000000 0.000000000000 nan
5455.000000 0.000000000000 0.000000000000 nan
5460.000000 0.000000000000 0.000000000000 nan
5465.000000 0.000000000000 0.000000000000 nan
5470.000000 0.000000000000 0.000000000000 nan
5475.000000 0.000000000000 0.000000000000 nan
5480.000000 0.000000000000 0.000000000000 nan
5485.000000 0.000000000000 0.000000000000 nan
5490.000000 0.000000000000 0.000000000000 nan
5495.000000 0.000000000000 0.000000000000 nan
5500.000000 0.000000000000 0.000000000000 nan
5505.000000 0.000000000000 0.000000000000 nan
5510.000000 0.000000000000 0.000000000000 nan
5515.000000 0.000000000000 0.000000000000 nan
5520.000000 0.000000000000 0.000000000000 nan
5525.000000 0.000000000000 0.000000000000 nan
5530.000000 0.000000000000 0.000000000000 nan
5535.000000 0.000000000000 0.000000000000 nan
5540.000000 0.000000000000 0.000000000000 nan
5545.000000 0.000000000000 0.000000000000 nan
5550.000000 0.000000000000 0.000000000000 nan
5555.000000 0.000000000000 0.000000000000 nan
5560.000000 0.000000000000 0.000000000000 nan
5565.000000 0.000000000000 0.000000000000 nan
5570.000000 0.000000000000 0.000000000000 nan
5575.000000 0.000000000000 0.000000000000 nan
5580.000000 0.000000000000 0.000000000000 nan
5585.000000 0.000000000000 0.000000000000 nan
5590.000000 0.000000000000 0.000000000000 nan
5595.000000 0.000000000000 0.000000000000 nan
5600.000000 0.000059800953 0.003208378014 0.018638998576
5605.000000 0.000065680471 0.003618091581 0.018153346849
5610.000000 0.000072965071 0.004034806725 0.018083907397
5615.000000 0.000080732785 0.004443029694 0.018170660689
5620.000000 0.000088346867 0.004830973816 0.018287589743
5625.000000 0.000095400869 0.005189719232 0.018382664721
5630.000000 0.000101647725 0.005512621370 0.018439090573
5635.000000 0.000106944683 0.005794889651 0.018454999123
5640.000000 0.000111215004 0.006033269569 0.018433620847
5645.000000 0.000114422150 0.006225786612 0.018378745873
5650.000000 0.000116552999 0.006371529480 0.018292781892
5655.000000 0.000117607743 0.006470461249 0.018176098861
5660.000000 0.000117594830 0.006523253112 0.018027022347
5665.000000 0.000116529555 0.006531138168 0.017842151229
5670.000000 0.000114435075 0.006495783848 0.017616823112
5675.000000 0.000111344716 0.006419181920 0.017345624004
5680.000000 0.000107304656 0.006303554982 0.017022879319
5685.000000 0.000102376270 0.006151278204 0.016643088847
5690.000000 0.000096637674 0.005964814978 0.016201286154
5695.000000 0.000090184228 0.005746665030 0.015693315614
5700.000000 0.000083127934 0.005499323539 0.015116029020
5705.000000 0.000075595828 0.005225249847 0.014467409268
5710.000000 0.000067727515 0.004926844404 0.013746631513
5715.000000 0.000059672067 0.004606432712 0.012954073251
5720.000000 0.000051584505 0.004266255138 0.012091284487
5725.000000 0.000043622059 0.003908461606 0.011160928132
5730.000000 0.000035940403 0.003535110283 0.010166699294
5735.000000 0.000028689995 0.003148169522 0.009113230608
5740.000000 0.000022012647 0.002749522420 0.008005989161
5745.000000 0.000016038405 0.002340973445 0.006851169210
5750.000000 0.000010882795 0.001924256691 0.005655583650
5755.000000 0.000006644462 0.001501045393 0.004426556165
5760.000000 0.000003403238 0.001072962390 0.003171815153
5765.000000 0.000001218632 0.000641591279 0.001899389846
5770.000000 0.000000128743 0.000208488065 0.000617508551
5775.000000 0.000000149609 0.000224806884 0.000665501445
5780.000000 0.000001274970 0.000656756730 0.001941312993
5785.000000 0.000003476455 0.001085816058 0.003201698026
5790.000000 0.000006704186 0.001510418890 0.004438627137
5795.000000 0.000010887804 0.001928967003 0.005644370506
5800.000000 0.000015937911 0.002339818692 0.006811600651
5805.000000 0.000021747923 0.002741278182 0.007933497123
5810.000000 0.000028196339 0.003131585923 0.009003852800
5815.000000 0.000035149386 0.003508910042 0.010017180771
5820.000000 0.000042464024 0.003871339292 0.010968819995
5825.000000 0.000049991243 0.004216877908 0.011855036914
5830.000000 0.000057579592 0.004543442858 0.012673119035
5835.000000 0.000065078811 0.004848864076 0.013421455094
5840.000000 0.000072343448 0.005130888364 0.014099594944
5845.000000 0.000079236270 0.005387187778 0.014708280731
5850.000000 0.000085631297 0.005615373407 0.015249439497
5855.000000 0.000091416217 0.005813015614 0.015726126229
5860.000000 0.000096494007 0.005977671911 0.016142406052
5865.000000 0.000100783571 0.006106923750 0.016503165093
5870.000000 0.000104219317 0.006198423637 0.016813842251
5875.000000 0.000106749710 0.006249954022 0.017080079239
5880.000000 0.000108335002 0.006259499479 0.017307294648
5885.000000 0.000108944585 0.006225333698 0.017500199992
5890.000000 0.000108554623 0.006146122809 0.017662293117
5895.000000 0.000107146871 0.006021046620 0.017795389777
5900.000000 0.000104709794 0.005849939545 0.017899295143
5905.000000 0.000101243258 0.005633453648 0.017971792153
5910.000000 0.000096768303 0.005373247736 0.018009276221
5915.000000 0.000091343861 0.005072209720 0.018008691623
5920.000000 0.000085093082 0.004734725943 0.017972123963
5925.000000 0.000078243269 0.004367023061 0.017916843538
5930.000000 0.000071184414 0.003977627782 0.017896197897
5935.000000 0.000064546033 0.003578016048 0.018039615376
5940.000000 0.000059259686 0.003183534759 0.018614430195
5945.000000 0.000056482734 0.002814579286 0.020067913759
5950.000000 0.000057193597 0.002497495506 0.022900380309
5955.000000 0.000061600474 0.002263210105 0.027218186183
5960.000000 0.000069014953 0.002139785533 0.032253210335
5965.000000 0.000078322803 0.002138379564 0.036627175315
5970.000000 0.000088440797 0.002244023258 0.039411711271
5975.000000 0.000098478206 0.002423178677 0.040640092680
5980.000000 0.000107734626 0.002639457974 0.040816950687
5985.000000 0.000115664000 0.002863110073 0.040398027819
5990.000000 0.000121847385 0.003072766336 0.039653970228
5995.000000 0.000125978408 0.003253972143 0.038715269385
6000.000000 0.000127856808 0.003397332424 0.037634470860
6005.000000 0.000127385464 0.003497071500 0.036426325272
6010.000000 0.000124567782 0.003550033648 0.035089183394
6015.000000 0.000119503536 0.003554996876 0.033615651457
6020.000000 0.000112382175 0.003512188984 0.031997758416
6025.000000 0.000103473247 0.003422933669 0.030229404748
6030.000000 0.000093114082 0.003289383373 0.028307458022
6035.000000 0.000081695157 0.003114313172 0.026232158646
6040.000000 0.000069643817 0.002900960003 0.024007162115
6045.000000 0.000057407057 0.002652897098 0.021639383312
6050.000000 0.000045434133 0.002373936588 0.019138730717
6055.000000 0.000034159677 0.002068054994 0.016517779746
6060.000000 0.000023987923 0.001739337439 0.013791414197
6065.000000 0.000015278532 0.001391937047 0.010976453367
6070.000000 0.000008334390 0.001030046533 0.008091275416
6075.000000 0.000003391659 0.000657879297 0.005155442820
6080.000000 0.000000612264 0.000279657639 0.002189332499
6085.000000 0.000000078933 0.000100394135 0.000786229145
6090.000000 0.000001792858 0.000478053754 0.003750327614
6095.000000 0.000005673986 0.000849104172 0.006682320277
6100.000000 0.000011563927 0.001209337866 0.009562197340
6105.000000 0.000019231430 0.001554564224 0.012370945743
6110.000000 0.000028380312 0.001880622128 0.015090916851
6115.000000 0.000038659710 0.002183399961 0.017706196969
6120.000000 0.000049676403 0.002458865511 0.020202977044
6125.000000 0.000061008929 0.002703108575 0.022569914164
6130.000000 0.000072223057 0.002912399484 0.024798471913
6135.000000 0.000082888150 0.003083267415 0.026883217981
6140.000000 0.000092593790 0.003212603318 0.028822042604
6145.000000 0.000100966026 0.003297793791 0.030616233884
6150.000000 0.000107682569 0.003336894808 0.032270291665
6155.000000 0.000112486296 0.003328858670 0.033791250116
6160.000000 0.000115196596 0.003273835425 0.035187045416
6165.000000 0.000115718309 0.003173584003 0.036462973415
6170.000000 0.000114048420 0.003032051997 0.037614269311
6175.000000 0.000110281185 0.002856219142 0.038610897610
6180.000000 0.000104613134 0.002657336726 0.039367661914
6185.000000 0.000097350461 0.002452659014 0.039691804090
6190.000000 0.000088922709 0.002267374498 0.039218359843
6195.000000 0.000079907863 0.002135064612 0.037426437741
6200.000000 0.000071071300 0.002092590444 0.033963311167
6205.000000 0.000063400792 0.002166436743 0.029265009633
6210.000000 0.000058053454 0.002358988276 0.024609471186
6215.000000 0.000056046764 0.002649731363 0.021151866667
6220.000000 0.000057709002 0.003008679963 0.019180837732
6225.000000 0.000062441300 0.003407377109 0.018325327205
6230.000000 0.000069143147 0.003822735959 0.018087345852
6235.000000 0.000076761697 0.004236967311 0.018117132242
6240.000000 0.000084517530 0.004636518986 0.018228660439
6245.000000 0.000091896193 0.005011098795 0.018338531404
6250.000000 0.000098577495 0.005352964704 0.018415494984
6255.000000 0.000104371298 0.005656426764 0.018451807525
6260.000000 0.000109171150 0.005917483237 0.018448915859
6265.000000 0.000112922637 0.006133536830 0.018410688629
6270.000000 0.000115602347 0.006303159867 0.018340380018
6275.000000 0.000117204606 0.006425892168 0.018239429379
6280.000000 0.000117734031 0.006502063730 0.018107178935
6285.000000 0.000117202428 0.006532638530 0.017941055137
6290.000000 0.000115628718 0.006519077593 0.017736975272
6295.000000 0.000113040716 0.006463220179 0.017489844524
6300.000000 0.000109477726 0.006367182018 0.017194062529
6305.000000 0.000104993130 0.006233269448 0.016843990308
6310.000000 0.000099656387 0.006063908158 0.016434349712
6315.000000 0.000093554079 0.005861585134 0.015960542624
6320.000000 0.000086789872 0.005628802350 0.015418887884
6325.000000 0.000079483404 0.005368040772 0.014806780942
6330.000000 0.000071768229 0.005081733263 0.014122785469
6335.000000 0.000063789016 0.004772245119 0.013366668010
6340.000000 0.000055698215 0.004441861019 0.012539387144
6345.000000 0.000047652403 0.004092777351 0.011643047859
6350.000000 0.000039808513 0.003727098963 0.010680830607
6355.000000 0.000032320105 0.003346839539 0.009656902954
6360.000000 0.000025333806 0.002953924892 0.008576320175
6365.000000 0.000018986024 0.002550198599 0.007444919680
6370.000000 0.000013400000 0.002137429484 0.006269212809
6375.000000 0.000008683247 0.001717320526 0.005056276457
6380.000000 0.000004925396 0.001291518879 0.003813645999
6385.000000 0.000002196468 0.000861626696 0.002549210278
6390.000000 0.000000545576 0.000429212561 0.001271108798
6395.000000 0.000000000052 0.000004176701 0.000012369141
6400.000000 0.000000564995 0.000437003971 0.001292883964
6405.000000 0.000002223249 0.000867729711 0.002562144752
6410.000000 0.000004935788 0.001294799899 0.003812008396
6415.000000 0.000008642532 0.001716634174 0.005034579764
6420.000000 0.000013263573 0.002131614345 0.006222313477
6425.000000 0.000018700824 0.002538073455 0.007368117630
6430.000000 0.000024840075 0.002934285584 0.008465459346
6435.000000 0.000031553451 0.003318456681 0.009508471539
6440.000000 0.000038702235 0.003688716704 0.010492059476
6445.000000 0.000046140030 0.004043113443 0.011412004870
6450.000000 0.000053716179 0.004379608489 0.012265064140
6455.000000 0.000061279358 0.004696075867 0.013049056165
6460.000000 0.000068681222 0.004990303979 0.013762933461
6465.000000 0.000075779944 0.005260001594 0.014406829124
6470.000000 0.000082443468 0.005502808756 0.014982070397
6475.000000 0.000088552262 0.005716313600 0.015491148373
6480.000000 0.000094001371 0.005898076177 0.015937632583
6485.000000 0.000098701571 0.006045660540 0.016326019378
6490.000000 0.000102579493 0.006156676422 0.016661504712
6495.000000 0.000105576681 0.006228831934 0.016949675695
6500.000000 0.000107647703 0.006259998796 0.017196121986
6505.000000 0.000108757627 0.006248291586 0.017405978208
6510.000000 0.000108879414 0.006192162557 0.017583423127
6515.000000 0.000107992005 0.006090513546 0.017731182152
6520.000000 0.000106080117 0.005942826624 0.017850111322
6525.000000 0.000103136944 0.005749315509 0.017938995275
6530.000000 0.000099171139 0.005511100747 0.017994797041
6535.000000 0.000094219726 0.005230413922 0.018013818217
6540.000000 0.000088369120 0.004910840771 0.017994702820
6545.000000 0.000081787544 0.004557621885 0.017945223542
6550.000000 0.000074773500 0.004178045209 0.017896766704
6555.000000 0.000067824304 0.003781988178 0.017933504939
6560.000000 0.000061714043 0.003382691736 0.018244063496
6565.000000 0.000057511367 0.002997826171 0.019184356928
6570.000000 0.000056359358 0.002650662631 0.021262365702
6575.000000 0.000058919606 0.002370244998 0.024858023688
6580.000000 0.000064928543 0.002187535083 0.029681143437
6585.000000 0.000073416331 0.002124168978 0.034562377941
6590.000000 0.000083246054 0.002178673998 0.038209504331
6595.000000 0.000093423177 0.002325089869 0.040180458439
6600.000000 0.000103154530 0.002526705479 0.040825704036
6605.000000 0.000111819712 0.002749781995 0.040664937283
6610.000000 0.000118937568 0.002968761804 0.040063021361
6615.000000 0.000124145577 0.003165911486 0.039213218022
6620.000000 0.000127189932 0.003329469852 0.038201256629
6625.000000 0.000127921267 0.003451967590 0.037057493718
6630.000000 0.000126292175 0.003529016858 0.035786786977
6635.000000 0.000122354005 0.003558481775 0.034383766154
6640.000000 0.000116251545 0.003539902784 0.032840321360
6645.000000 0.000108214917 0.003474083453 0.031149199195
6650.000000 0.000098548623 0.003362783232 0.029305672275
6655.000000 0.000087618016 0.003208482709 0.027308240104
6660.000000 0.000075833773 0.003014201278 0.025158828400
6665.000000 0.000063635058 0.002783354679 0.022862719630
6670.000000 0.000051472132 0.002519643999 0.020428335315
6675.000000 0.000039789131 0.002226970085 0.017866935767
6680.000000 0.000029007654 0.001909368696 0.015192275002
6685.000000 0.000019511722 0.001570962569 0.012420233469
6690.000000 0.000011634529 0.001215927153 0.009568442339
6695.000000 0.000005647319 0.000848467180 0.006655907388
6700.000000 0.000001750612 0.000472801536 0.003702636592
6705.000000 0.000000067935 0.000093154140 0.000729272744
6710.000000 0.000000642139 0.000286251291 0.002243269518
6715.000000 0.000003434353 0.000661194630 0.005194164097
6720.000000 0.000008325566 0.001027462822 0.008103033611
6725.000000 0.000015120797 0.001380855445 0.010950311600
6730.000000 0.000023555800 0.001717194381 0.013717608281
6735.000000 0.000033306146 0.002032339745 0.016388079887
6740.000000 0.000043998531 0.002322214424 0.018946799436
6745.000000 0.000055224018 0.002582839840 0.021381123630
6750.000000 0.000066552878 0.002810385925 0.023681046031
6755.000000 0.000077550570 0.003001238824 0.025839519871
6760.000000 0.000087794305 0.003152090606 0.027852722663
6765.000000 0.000096889578 0.003260056451 0.029720214921
6770.000000 0.000104485978 0.003322826754 0.031444907038
6775.000000 0.000110291627 0.003338864906 0.033032671374
6780.000000 0.000114085672 0.003307667443 0.034491276441
6785.000000 0.000115728459 0.003230113699 0.035827983242
6790.000000 0.000115169324 0.003108950360 0.037044439751
6795.000000 0.000112452388 0.002949486122 0.038126094875
6800.000000 0.000107721386 0.002760611693 0.039020839725
6805.000000 0.000101225453 0.002556278828 0.039598752587
6810.000000 0.000093329007 0.002357419304 0.039589481042
6815.000000 0.000084530391 0.002193505747 0.038536662567
6820.000000 0.000075494024 0.002100909161 0.035933978213
6825.000000 0.000067092320 0.002113494543 0.031744732992
6830.000000 0.000060414408 0.002246951593 0.026887276338
6835.000000 0.000056608728 0.002491176359 0.022723693681
6840.000000 0.000056421709 0.002819201270 0.020013366657
6845.000000 0.000059711486 0.003200899269 0.018654596932
6850.000000 0.000065554223 0.003610305234 0.018157529164
6855.000000 0.000072821901 0.004027044763 0.018083211311
6860.000000 0.000080587256 0.004435544947 0.018168513104
6865.000000 0.000088208547 0.004823958335 0.018285511761
6870.000000 0.000095275698 0.005183317513 0.018381219637
6875.000000 0.000101539225 0.005506939608 0.018438412733
6880.000000 0.000106854823 0.005790002514 0.018455056494
6885.000000 0.000111144785 0.006029225476 0.018434338821
6890.000000 0.000114372001 0.006222612123 0.018380062695
6895.000000 0.000116523020 0.006369233069 0.018294670443
6900.000000 0.000117597845 0.006469036619 0.018178571613
6905.000000 0.000117604792 0.006522682117 0.018030127785
6910.000000 0.000116559025 0.006531393375 0.017845966147
6915.000000 0.000114483535 0.006496830761 0.017621443248
6920.000000 0.000111411431 0.006420980880 0.017351154524
6925.000000 0.000107388630 0.006306062776 0.017029426057
6930.000000 0.000102476203 0.006154449394 0.016650750821
6935.000000 0.000096751947 0.005968602990 0.016210149593
6940.000000 0.000090310900 0.005751023016 0.015703449528
6945.000000 0.000083264764 0.005504205052 0.015127482217
6950.000000 0.000075740315 0.005230609346 0.014480208652
6955.000000 0.000067876948 0.004932637618 0.013760781444
6960.000000 0.000059823592 0.004612616881 0.012969555754
6965.000000 0.000051735188 0.004272789160 0.012108060116
6970.000000 0.000043768961 0.003915306093 0.011178937301
6975.000000 0.000036080648 0.003542227554 0.010185863939
6980.000000 0.000028820836 0.003155523546 0.009133456047
6985.000000 0.000022131529 0.002757078703 0.008027166074
6990.000000 0.000016143020 0.002348698894 0.006873175666
6995.000000 0.000010971129 0.001932119447 0.005678287136
7000.000000 0.000006714837 0.001509014641 0.004449815591
7005.000000 0.000003454343 0.001081008158 0.003195482814
7010.000000 0.000001249546 0.000649684222 0.001923313350
7015.000000 0.000000138956 0.000216599249 0.000641532704
7020.000000 0.000000139024 0.000216706215 0.000641532779
7025.000000 0.000001243909 0.000648695376 0.001917555038
7030.000000 0.000003425649 0.001077823089 0.003178303242
7035.000000 0.000006634760 0.001502523871 0.004415743343
7040.000000 0.000010801255 0.001921200206 0.005622138981
7045.000000 0.000015836074 0.002332211303 0.006790154187
7050.000000 0.000021632939 0.002733862491 0.007912958052
7055.000000 0.000028070603 0.003124395496 0.008984330996
7060.000000 0.000035015497 0.003501979867 0.009998771654
7065.000000 0.000042324723 0.003864705899 0.010951602577
7070.000000 0.000049849353 0.004210579440 0.011839071962
7075.000000 0.000057437947 0.004537519099 0.012658447420
7080.000000 0.000064940190 0.004843356416 0.013408096455
7085.000000 0.000072210507 0.005125839688 0.014087546801
7090.000000 0.000079111483 0.005382642260 0.014697518226
7095.000000 0.000085516902 0.005611376199 0.015239915948
7100.000000 0.000091314179 0.005809612400 0.015717774722
7105.000000 0.000096405996 0.005974908307 0.016135142270
7110.000000 0.000100710958 0.006104844525 0.016496891566
7115.000000 0.000104163196 0.006197071729 0.016808454122
7120.000000 0.000106710928 0.006249369320 0.017075471551
7125.000000 0.000108314211 0.006259717339 0.017303370923
7130.000000 0.000108942289 0.006226383169 0.017496881638
7135.000000 0.000108571216 0.006148024544 0.017659528799
7140.000000 0.000107182643 0.006023810427 0.017793163299
7145.000000 0.000104764876 0.005853561562 0.017897629405
7150.000000 0.000101317497 0.005637913064 0.017970744815
7155.000000 0.000096861023 0.005378502980 0.018008918675
7160.000000 0.000091453470 0.005078193924 0.018009054207
7165.000000 0.000085216469 0.004741341340 0.017973071903
7170.000000 0.000078374902 0.004374133688 0.017917811374
7175.000000 0.000071315053 0.003985049399 0.017895650965
7180.000000 0.000064661223 0.003585501717 0.018034079633
7185.000000 0.000059339276 0.003190754808 0.018597253513
7190.000000 0.000056504858 0.002821098646 0.020029380507
7195.000000 0.000057145455 0.002502768101 0.022832900337
7200.000000 0.000061487217 0.002266647490 0.027126942784
7205.000000 0.000068855210 0.002140970335 0.032160748984
7210.000000 0.000078138082 0.002137337879 0.036558600856
7215.000000 0.000088249738 0.002241253464 0.039375170852
7220.000000 0.000098295623 0.002419379174 0.040628448961
7225.000000 0.000107572102 0.002635263725 0.040820241506
7230.000000 0.000115530523 0.002858998676 0.040409435522
7235.000000 0.000121749730 0.003069068068 0.039669934791
7240.000000 0.000125921323 0.003250905768 0.038734227325
7245.000000 0.000127843086 0.003395036782 0.037655876562
7250.000000 0.000127415990 0.003495628067 0.036450099134
7255.000000 0.000124641590 0.003549481950 0.035115431424
7260.000000 0.000119617911 0.003555345196 0.033644528056
7265.000000 0.000112532802 0.003513422049 0.032029400540
7270.000000 0.000103654418 0.003425018372 0.030263901369
7275.000000 0.000093318947 0.003292273155 0.028344837356
7280.000000 0.000081916019 0.003117951420 0.026272384592
7285.000000 0.000069872443 0.002905282713 0.024050135648
7290.000000 0.000057635009 0.002657834946 0.021684946603
7295.000000 0.000045653086 0.002379416526 0.019186672782
7300.000000 0.000034361730 0.002074001466 0.016567842920
7305.000000 0.000024165881 0.001745673269 0.013843301015
7310.000000 0.000015426150 0.001398584082 0.011029833606
7315.000000 0.000008446585 0.001036926078 0.008145793131
7320.000000 0.000003464675 0.000664912398 0.005210723316
7325.000000 0.000000643785 0.000286765250 0.002244989207
7330.000000 0.000000068157 0.000093291055 0.000730587880
7335.000000 0.000001740515 0.000471034178 0.003695091790
7340.000000 0.000005582305 0.000842246944 0.006627871497
7345.000000 0.000011436562 0.001202721593 0.009508902036
7350.000000 0.000019073332 0.001548267105 0.012319148329
7355.000000 0.000028197562 0.001874721652 0.015040932813
7360.000000 0.000038459304 0.002177972449 0.017658305921
7365.000000 0.000049466005 0.002453985452 0.020157415857
7370.000000 0.000060796592 0.002698847695 0.022526870341
7375.000000 0.000072016927 0.002908825477 0.024758077531
7380.000000 0.000082696151 0.003080442273 0.026845544699
7385.000000 0.000092423316 0.003210581143 0.028787098635
7390.000000 0.000100823646 0.003296617954 0.030583964489
7395.000000 0.000107573755 0.003336594265 0.032240586178
7400.000000 0.000112415189 0.003329443110 0.033763961403
7405.000000 0.000115165814 0.003275288765 0.035162033850
7410.000000 0.000115728806 0.003175855375 0.036440200357
7415.000000 0.000114099374 0.003035042842 0.037593991168
7420.000000 0.000110369909 0.002859764236 0.038594058819
7425.000000 0.000104734974 0.002661176538 0.039356642752
7430.000000 0.000097498612 0.002456403300 0.039691614329
7435.000000 0.000089087871 0.002270470959 0.039237617363
7440.000000 0.000080077637 0.002136825380 0.037475049686
7445.000000 0.000071229381 0.002092368007 0.034042472655
7450.000000 0.000063526694 0.002163930466 0.029357086511
7455.000000 0.000058125306 0.002354395726 0.024687993525
7460.000000 0.000056050142 0.002643568968 0.021202451055
7465.000000 0.000057646658 0.003001516964 0.019205841084
7470.000000 0.000062331051 0.003399700132 0.018334278946
7475.000000 0.000069006421 0.003814925498 0.018088536958
7480.000000 0.000076615890 0.004229313911 0.018115441903
7485.000000 0.000084374600 0.004629243692 0.018226433081
7490.000000 0.000091763756 0.005004368956 0.018336728694
7495.000000 0.000098460176 0.005346905053 0.018414423955
