4000.000000 0.000000000000 0.000000000000 nan
4005.000000 0.000000000000 0.000000000000 nan
4010.000000 0.000000000000 0.000000000000 nan
4015.000000 0.000000000000 0.000000000000 nan
4020.000000 0.000000000000 0.000000000000 nan
4025.000000 0.000000000000 0.000000000000 nan
4030.000000 0.000000000000 0.000000000000 nan
4035.000000 0.000000000000 0.000000000000 nan
4040.000000 0.000000000000 0.000000000000 nan
4045.000000 0.000000000000 0.000000000000 nan
4050.000000 0.000000000000 0.000000000000 nan
4055.000000 0.000000000000 0.000000000000 nan
4060.000000 0.000000000000 0.000000000000 nan
4065.000000 0.000000000000 0.000000000000 nan
4070.000000 0.000000000000 0.000000000000 nan
4075.000000 0.000000000000 0.000000000000 nan
4080.000000 0.000000000000 0.000000000000 nan
4085.000000 0.000000000000 0.000000000000 nan
4090.000000 0.000000000000 0.000000000000 nan
4095.000000 0.000000000000 0.000000000000 nan
4100.000000 0.000000000000 0.000000000000 nan
4105.000000 0.000000000000 0.000000000000 nan
4110.000000 0.000000000000 0.000000000000 nan
4115.000000 0.000000000000 0.000000000000 nan
4120.000000 0.000000000000 0.000000000000 nan
4125.000000 0.000000000000 0.000000000000 nan
4130.000000 0.000000000000 0.000000000000 nan
4135.000000 0.000000000000 0.000000000000 nan
4140.000000 0.000000000000 0.000000000000 nan
4145.000000 0.000000000000 0.000000000000 nan
4150.000000 0.000000000000 0.000000000000 nan
4155.000000 0.000000000000 0.000000000000 nan
4160.000000 0.000000000000 0.000000000000 nan
4165.000000 0.000000000000 0.000000000000 nan
4170.000000 0.000000000000 0.000000000000 nan
4175.000000 0.000000000000 0.000000000000 nan
4180.000000 0.000000000000 0.000000000000 nan
4185.000000 0.000000000000 0.000000000000 nan
4190.000000 0.000000000000 0.000000000000 nan
4195.000000 0.000000000000 0.000000000000 nan
4200.000000 0.000000000000 0.000000000000 nan
4205.000000 0.000000000000 0.000000000000 nan
4210.000000 0.000000000000 0.000000000000 nan
4215.000000 0.000000000000 0.000000000000 nan
4220.000000 0.000000000000 0.000000000000 nan
4225.000000 0.000000000000 0.000000000000 nan
4230.000000 0.000000000000 0.000000000000 nan
4235.000000 0.000000000000 0.000000000000 nan
4240.000000 0.000000000000 0.000000000000 nan
4245.000000 0.000000000000 0.000000000000 nan
4250.000000 0.000000000000 0.000000000000 nan
4255.000000 0.000000000000 0.000000000000 nan
4260.000000 0.000000000000 0.000000000000 nan
4265.000000 0.000000000000 0.000000000000 nan
4270.000000 0.000000000000 0.000000000000 nan
4275.000000 0.000000000000 0.000000000000 nan
4280.000000 0.000000000000 0.000000000000 nan
4285.000000 0.000000000000 0.000000000000 nan
4290.000000 0.000000000000 0.000000000000 nan
4295.000000 0.000000000000 0.000000000000 nan
4300.000000 0.000000000000 0.000000000000 nan
4305.000000 0.000000000000 0.000000000000 nan
4310.000000 0.000000000000 0.000000000000 nan
4315.000000 0.000000000000 0.000000000000 nan
4320.000000 0.000000000000 0.000000000000 nan
4325.000000 0.000000000000 0.000000000000 nan
4330.000000 0.000000000000 0.000000000000 nan
4335.000000 0.000000000000 0.000000000000 nan
4340.000000 0.000000000000 0.000000000000 nan
4345.000000 0.000000000000 0.000000000000 nan
4350.000000 0.000000000000 0.000000000000 nan
4355.000000 0.000000000000 0.000000000000 nan
4360.000000 0.000000000000 0.000000000000 nan
4365.000000 0.000000000000 0.000000000000 nan
4370.000000 0.000000000000 0.000000000000 nan
4375.000000 0.000000000000 0.000000000000 nan
4380.000000 0.000000000000 0.000000000000 nan
4385.000000 0.000000000000 0.000000000000 nan
4390.000000 0.000000000000 0.000000000000 nan
4395.000000 0.000000000000 0.000000000000 nan
4400.000000 0.000000000000 0.000000000000 nan
4405.000000 0.000000000000 0.000000000000 nan
4410.000000 0.000000000000 0.000000000000 nan
4415.000000 0.000000000000 0.000000000000 nan
4420.000000 0.000000000000 0.000000000000 nan
4425.000000 0.000000000000 0.000000000000 nan
4430.000000 0.000000000000 0.000000000000 nan
4435.000000 0.000000000000 0.000000000000 nan
4440.000000 0.000000000000 0.000000000000 nan
4445.000000 0.000000000000 0.000000000000 nan
4450.000000 0.000000000000 0.000000000000 nan
4455.000000 0.000000000000 0.000000000000 nan
4460.000000 0.000000000000 0.000000000000 nan
4465.000000 0.000000000000 0.000000000000 nan
4470.000000 0.000000000000 0.000000000000 nan
4475.000000 0.000000000000 0.000000000000 nan
4480.000000 0.000000000000 0.000000000000 nan
4485.000000 0.000000000000 0.000000000000 nan
4490.000000 0.000000000000 0.000000000000 nan
4495.000000 0.000000000000 0.000000000000 nan
4500.000000 0.000000000000 0.000000000000 nan
4505.000000 0.000000000000 0.000000000000 nan
4510.000000 0.000000000000 0.000000000000 nan
4515.000000 0.000000000000 0.000000000000 nan
4520.000000 0.000000000000 0.000000000000 nan
4525.000000 0.000000000000 0.000000000000 nan
4530.000000 0.000000000000 0.000000000000 nan
4535.000000 0.000000000000 0.000000000000 nan
4540.000000 0.000000000000 0.000000000000 nan
4545.000000 0.000000000000 0.000000000000 nan
4550.000000 0.000000000000 0.000000000000 nan
4555.000000 0.000000000000 0.000000000000 nan
4560.000000 0.000000000000 0.000000000000 nan
4565.000000 0.000000000000 0.000000000000 nan
4570.000000 0.000000000000 0.000000000000 nan
4575.000000 0.000000000000 0.000000000000 nan
4580.000000 0.000000000000 0.000000000000 nan
4585.000000 0.000000000000 0.000000000000 nan
4590.000000 0.000000000000 0.000000000000 nan
4595.000000 0.000000000000 0.000000000000 nan
4600.000000 0.000000000000 0.000000000000 nan
4605.000000 0.000000000000 0.000000000000 nan
4610.000000 0.000000000000 0.000000000000 nan
4615.000000 0.000000000000 0.000000000000 nan
4620.000000 0.000000000000 0.000000000000 nan
4625.000000 0.000000000000 0.000000000000 nan
4630.000000 0.000000000000 0.000000000000 nan
4635.000000 0.000000000000 0.000000000000 nan
4640.000000 0.000000000000 0.000000000000 nan
4645.000000 0.000000000000 0.000000000000 nan
4650.000000 0.000000000000 0.000000000000 nan
4655.000000 0.000000000000 0.000000000000 nan
4660.000000 0.000000000000 0.000000000000 nan
4665.000000 0.000000000000 0.000000000000 nan
4670.000000 0.000000000000 0.000000000000 nan
4675.000000 0.000000000000 0.000000000000 nan
4680.000000 0.000000000000 0.000000000000 nan
4685.000000 0.000000000000 0.000000000000 nan
4690.000000 0.000000000000 0.000000000000 nan
4695.000000 0.000000000000 0.000000000000 nan
4700.000000 0.000000000000 0.000000000000 nan
4705.000000 0.000000000000 0.000000000000 nan
4710.000000 0.000000000000 0.000000000000 nan
4715.000000 0.000000000000 0.000000000000 nan
4720.000000 0.000000000000 0.000000000000 nan
4725.000000 0.000000000000 0.000000000000 nan
4730.000000 0.000000000000 0.000000000000 nan
4735.000000 0.000000000000 0.000000000000 nan
4740.000000 0.000000000000 0.000000000000 nan
4745.000000 0.000000000000 0.000000000000 nan
4750.000000 0.000000000000 0.000000000000 nan
4755.000000 0.000000000000 0.000000000000 nan
4760.000000 0.000000000000 0.000000000000 nan
4765.000000 0.000000000000 0.000000000000 nan
4770.000000 0.000000000000 0.000000000000 nan
4775.000000 0.000000000000 0.000000000000 nan
4780.000000 0.000000000000 0.000000000000 nan
4785.000000 0.000000000000 0.000000000000 nan
4790.000000 0.000000000000 0.000000000000 nan
4795.000000 0.000000000000 0.000000000000 nan
4800.000000 0.000000000000 0.000000000000 nan
4805.000000 0.000000000000 0.000000000000 nan
4810.000000 0.000000000000 0.000000000000 nan
4815.000000 0.000000000000 0.000000000000 nan
4820.000000 0.000000000000 0.000000000000 nan
4825.000000 0.000000000000 0.000000000000 nan
4830.000000 0.000000000000 0.000000000000 nan
4835.000000 0.000000000000 0.000000000000 nan
4840.000000 0.000000000000 0.000000000000 nan
4845.000000 0.000000000000 0.000000000000 nan
4850.000000 0.000000000000 0.000000000000 nan
4855.000000 0.000000000000 0.000000000000 nan
4860.000000 0.000000000000 0.000000000000 nan
4865.000000 0.000000000000 0.000000000000 nan
4870.000000 0.000000000000 0.000000000000 nan
4875.000000 0.000000000000 0.000000000000 nan
4880.000000 0.000000000000 0.000000000000 nan
4885.000000 0.000000000000 0.000000000000 nan
4890.000000 0.000000000000 0.000000000000 nan
4895.000000 0.000000000000 0.000000000000 nan
4900.000000 0.000000000000 0.000000000000 nan
4905.000000 0.000000000000 0.000000000000 nan
4910.000000 0.000000000000 0.000000000000 nan
4915.000000 0.000000000000 0.000000000000 nan
4920.000000 0.000000000000 0.000000000000 nan
4925.000000 0.000000000000 0.000000000000 nan
4930.000000 0.000000000000 0.000000000000 nan
4935.000000 0.000000000000 0.000000000000 nan
4940.000000 0.000000000000 0.000000000000 nan
4945.000000 0.000000000000 0.000000000000 nan
4950.000000 0.000000000000 0.000000000000 nan
4955.000000 0.000000000000 0.000000000000 nan
4960.000000 0.000000000000 0.000000000000 nan
4965.000000 0.000000000000 0.000000000000 nan
4970.000000 0.000000000000 0.000000000000 nan
4975.000000 0.000000000000 0.000000000000 nan
4980.000000 0.000000000000 0.000000000000 nan
4985.000000 0.000000000000 0.000000000000 nan
4990.000000 0.000000000000 0.000000000000 nan
4995.000000 0.000000000000 0.000000000000 nan
5000.000000 0.000000000000 0.000000000000 nan
5005.000000 0.000000000000 0.000000000000 nan
5010.000000 0.000000000000 0.000000000000 nan
5015.000000 0.000000000000 0.000000000000 nan
5020.000000 0.000000000000 0.000000000000 nan
5025.000000 0.000000000000 0.000000000000 nan
5030.000000 0.000000000000 0.000000000000 nan
5035.000000 0.000000000000 0.000000000000 nan
5040.000000 0.000000000000 0.000000000000 nan
5045.000000 0.000000000000 0.000000000000 nan
5050.000000 0.000000000000 0.000000000000 nan
5055.000000 0.000000000000 0.000000000000 nan
5060.000000 0.000000000000 0.000000000000 nan
5065.000000 0.000000000000 0.000000000000 nan
5070.000000 0.000000000000 0.000000000000 nan
5075.000000 0.000000000000 0.000000000000 nan
5080.000000 0.000000000000 0.000000000000 nan
5085.000000 0.000000000000 0.000000000000 nan
5090.000000 0.000000000000 0.000000000000 nan
5095.000000 0.000000000000 0.000000000000 nan
5100.000000 0.000000000000 0.000000000000 nan
5105.000000 0.000000000000 0.000000000000 nan
5110.000000 0.000000000000 0.000000000000 nan
5115.000000 0.000000000000 0.000000000000 nan
5120.000000 0.000000000000 0.000000000000 nan
5125.000000 0.000000000000 0.000000000000 nan
5130.000000 0.000000000000 0.000000000000 nan
5135.000000 0.000000000000 0.000000000000 nan
5140.000000 0.000000000000 0.000000000000 nan
5145.000000 0.000000000000 0.000000000000 nan
5150.000000 0.000000000000 0.000000000000 nan
5155.000000 0.000000000000 0.000000000000 nan
5160.000000 0.000000000000 0.000000000000 nan
5165.000000 0.000000000000 0.000000000000 nan
5170.000000 0.000000000000 0.000000000000 nan
5175.000000 0.000000000000 0.000000000000 nan
5180.000000 0.000000000000 0.000000000000 nan
5185.000000 0.000000000000 0.000000000000 nan
5190.000000 0.000000000000 0.000000000000 nan
5195.000000 0.000000000000 0.000000000000 nan
5200.000000 0.000000000000 0.000000000000 nan
5205.000000 0.000000000000 0.000000000000 nan
5210.000000 0.000000000000 0.000000000000 nan
5215.000000 0.000000000000 0.000000000000 nan
5220.000000 0.000000000000 0.000000000000 nan
5225.000000 0.000000000000 0.000000000000 nan
5230.000000 0.000000000000 0.000000000000 nan
5235.000000 0.000000000000 0.000000000000 nan
5240.000000 0.000000000000 0.000000000000 nan
5245.000000 0.000000000000 0.000000000000 nan
5250.000000 0.000000000000 0.000000000000 nan
5255.000000 0.000000000000 0.000000000000 nan
5260.000000 0.000000000000 0.000000000000 nan
5265.000000 0.000000000000 0.000000000000 nan
5270.000000 0.000000000000 0.000000000000 nan
5275.000000 0.000000000000 0.000000000000 nan
5280.000000 0.000000000000 0.000000000000 nan
5285.000000 0.000000000000 0.000000000000 nan
5290.000000 0.000000000000 0.000000000000 nan
5295.000000 0.000000000000 0.000000000000 nan
5300.000000 0.000000000000 0.000000000000 nan
5305.000000 0.000000000000 0.000000000000 nan
5310.000000 0.000079887426 0.008852060656 0.009024726469
5315.000000 0.000094164024 0.009206231530 0.010228291984
5320.000000 0.000106351936 0.009525215746 0.011165304734
5325.000000 0.000116295730 0.009800332281 0.011866508828
5330.000000 0.000124023442 0.010024372287 0.012372190370
5335.000000 0.000129692517 0.010191806636 0.012725174415
5340.000000 0.000133533375 0.010298821288 0.012965889175
5345.000000 0.000135794720 0.010343228941 0.013128851836
5350.000000 0.000136697391 0.010324301766 0.013240352176
5355.000000 0.000136403246 0.010242561966 0.013317297642
5360.000000 0.000135002885 0.010099557814 0.013367207547
5365.000000 0.000132521941 0.009897644339 0.013389240548
5370.000000 0.000128941591 0.009639780872 0.013375987723
5375.000000 0.000124226473 0.009329352236 0.013315658950
5380.000000 0.000118352979 0.008970016503 0.013194287780
5385.000000 0.000111332574 0.008565579574 0.012997669694
5390.000000 0.000103227240 0.008119895178 0.012712878362
5395.000000 0.000094156420 0.007636787913 0.012329322427
5400.000000 0.000084296374 0.007119996534 0.011839384172
5405.000000 0.000073873612 0.006573134535 0.011238718997
5410.000000 0.000063154290 0.005999665230 0.010526302306
5415.000000 0.000052431260 0.005402888750 0.009704301332
5420.000000 0.000042010175 0.004785938642 0.008777834037
5425.000000 0.000032195695 0.004151786138 0.007754661175
5430.000000 0.000023278551 0.003503250387 0.006644843747
5435.000000 0.000015523953 0.002843013301 0.005460387086
5440.000000 0.000009161633 0.002173637868 0.004214884515
5445.000000 0.000004377704 0.001497589025 0.002923167529
5450.000000 0.000001308399 0.000817256343 0.001600965176
5455.000000 0.000000035711 0.000134977925 0.000264572385
5460.000000 0.000000584933 0.000546934977 0.001069474921
5465.000000 0.000002924081 0.001226173082 0.002384721229
5470.000000 0.000006965197 0.001900404327 0.003665113130
5475.000000 0.000012567521 0.002567249649 0.004895324934
5480.000000 0.000019542532 0.003224259765 0.006061091105
5485.000000 0.000027660835 0.003868893434 0.007149546928
5490.000000 0.000036660853 0.004498497856 0.008149576531
5495.000000 0.000046259200 0.005110291936 0.009052163872
5500.000000 0.000056162535 0.005701353372 0.009850737367
5505.000000 0.000066080508 0.006268610701 0.010541491807
5510.000000 0.000075739253 0.006808841718 0.011123661800
5515.000000 0.000084894554 0.007318679929 0.011599708576
5520.000000 0.000093343567 0.007794631005 0.011975367005
5525.000000 0.000100933572 0.008233101510 0.012259483500
5530.000000 0.000107566057 0.008630442412 0.012463562378
5535.000000 0.000113194336 0.008983010089 0.012600936063
5540.000000 0.000117813337 0.009287247578 0.012685495441
5545.000000 0.000121441255 0.009539788606 0.012729973432
5550.000000 0.000124094565 0.009737586376 0.012743873118
5555.000000 0.000125760220 0.009878067961 0.012731256820
5560.000000 0.000126370973 0.009959313258 0.012688723581
5565.000000 0.000125790580 0.009980254555 0.012603945098
5570.000000 0.000123814488 0.009940888531 0.012455072562
5575.000000 0.000120188533 0.009842486748 0.012211195784
5580.000000 0.000114644387 0.009687783262 0.011833913281
5585.000000 0.000106947378 0.009481109255 0.011280049103
5590.000000 0.000096951025 0.009228435412 0.010505683822
5595.000000 0.000084653844 0.008937275502 0.009471996668
5600.000000 0.000070259792 0.008616403155 0.008154190383
5605.000000 0.000054265317 0.008275344079 0.006557469632
5610.000000 0.000037698457 0.007923635066 0.004757722462
5615.000000 0.000023264873 0.007569893538 0.003073342201
5620.000000 0.000019491828 0.007220813048 0.002699395203
5625.000000 0.000029734015 0.006880270884 0.004321634349
5630.000000 0.000043296762 0.006548767323 0.006611436959
5635.000000 0.000055505203 0.006223375859 0.008918825513
5640.000000 0.000064815958 0.005898262603 0.010988991628
5645.000000 0.000070518505 0.005565673018 0.012670256525
5650.000000 0.000072336227 0.005217158359 0.013865062636
5655.000000 0.000070342625 0.004844778239 0.014519266235
5660.000000 0.000064923382 0.004442071527 0.014615564303
5665.000000 0.000056732369 0.004004691092 0.014166478182
5670.000000 0.000046631267 0.003530696560 0.013207384372
5675.000000 0.000035613878 0.003020562610 0.011790478293
5680.000000 0.000024720416 0.002476984518 0.009980044626
5685.000000 0.000014948795 0.001904558878 0.007848953838
5690.000000 0.000007170398 0.001309399907 0.005476094489
5695.000000 0.000002057362 0.000698730970 0.002944426269
5700.000000 0.000000027313 0.000080472636 0.000339401264
5705.000000 0.000001209921 0.000537164915 0.002252419545
5710.000000 0.000005437797 0.001146085811 0.004744667940
5715.000000 0.000012262232 0.001738712846 0.007052476819
5720.000000 0.000020992312 0.002308395248 0.009093898353
5725.000000 0.000030754048 0.002849816725 0.010791588131
5730.000000 0.000040564607 0.003359389470 0.012074993940
5735.000000 0.000049415508 0.003835603266 0.012883373173
5740.000000 0.000056358064 0.004279278371 0.013169992435
5745.000000 0.000060584429 0.004693650325 0.012907742366
5750.000000 0.000061498718 0.005084203193 0.012096038565
5755.000000 0.000058775524 0.005458178263 0.010768340797
5760.000000 0.000052410900 0.005823732260 0.008999537956
5765.000000 0.000042797808 0.006188806458 0.006915357295
5770.000000 0.000030989347 0.006559876101 0.004724074992
5775.000000 0.000020142434 0.006940831441 0.002902020368
5780.000000 0.000019933362 0.007332245287 0.002718589111
5785.000000 0.000032693537 0.007731188074 0.004228785680
5790.000000 0.000049308014 0.008131597241 0.006063755108
5795.000000 0.000066161946 0.008525064581 0.007760873336
5800.000000 0.000081935410 0.008901830642 0.009204332591
5805.000000 0.000095945813 0.009251780417 0.010370524232
5810.000000 0.000107833738 0.009565292350 0.011273438831
5815.000000 0.000117471765 0.009833865515 0.011945634664
5820.000000 0.000124908721 0.010050511113 0.012428096376
5825.000000 0.000130315283 0.010209933895 0.012763577552
5830.000000 0.000133927446 0.010308547899 0.012991882749
5835.000000 0.000135992562 0.010344374930 0.013146522954
5840.000000 0.000136724900 0.010316869611 0.013252556793
5845.000000 0.000136276934 0.010226706556 0.013325593473
5850.000000 0.000134729704 0.010075556084 0.013371937280
5855.000000 0.000132101367 0.009865866610 0.013389737814
5860.000000 0.000128369144 0.009600665108 0.013370859468
5865.000000 0.000123497673 0.009283381800 0.013303091064
5870.000000 0.000117466895 0.008917701586 0.013172328548
5875.000000 0.000110294412 0.008507442180 0.012964462171
5880.000000 0.000102049779 0.008056457392 0.012666830402
5885.000000 0.000092860338 0.007568563085 0.012269216329
5890.000000 0.000082909657 0.007047482978 0.011764435256
5895.000000 0.000072430318 0.006496811360 0.011148594920
5900.000000 0.000061692892 0.005919989933 0.010421114383
5905.000000 0.000050992790 0.005320296233 0.009584577265
5910.000000 0.000040636326 0.004700841389 0.008644479203
5915.000000 0.000030927002 0.004064575281 0.007608913609
5920.000000 0.000022152735 0.003414297480 0.006488226273
5925.000000 0.000014574462 0.002752672622 0.005294658785
5930.000000 0.000008416436 0.002082249122 0.004041992784
5935.000000 0.000003858326 0.001405480328 0.002745201307
5940.000000 0.000001029221 0.000724747405 0.001420109446
5945.000000 0.000000003521 0.000042383361 0.000083063765
5950.000000 0.000000798739 0.000639302282 0.001249391911
5955.000000 0.000003375181 0.001317998594 0.002560837712
5960.000000 0.000007637495 0.001991368538 0.003835299746
5965.000000 0.000013438106 0.002657024859 0.005057576499
5970.000000 0.000020582502 0.003312507028 0.006213572336
5975.000000 0.000028836372 0.003955259766 0.007290639290
5980.000000 0.000037934537 0.004582613772 0.008277925831
5985.000000 0.000047591537 0.005191769450 0.009166727674
5990.000000 0.000057513657 0.005779784602 0.009950830461
5995.000000 0.000067411991 0.006343567245 0.010626826860
6000.000000 0.000077015941 0.006879875019 0.011194380795
6005.000000 0.000086086268 0.007385322871 0.011656398761
6010.000000 0.000094426500 0.007856401040 0.012019052883
6015.000000 0.000101891157 0.008289505637 0.012291584304
6020.000000 0.000108389063 0.008680984365 0.012485803300
6025.000000 0.000113879959 0.009027200114 0.012615202711
6030.000000 0.000118363180 0.009324615163 0.012693626308
6035.000000 0.000121858265 0.009569898465 0.012733496171
6040.000000 0.000124379312 0.009760057902 0.012743706404
6045.000000 0.000125907218 0.009892598113 0.012727416698
6050.000000 0.000126365947 0.009965702563 0.012680084098
6055.000000 0.000125609554 0.009978435386 0.012588101202
6060.000000 0.000123425259 0.009930954147 0.012428338395
6065.000000 0.000119554566 0.009824718658 0.012168752146
6070.000000 0.000113730704 0.009662673386 0.011770107409
6075.000000 0.000105727682 0.009449372050 0.011188857971
6080.000000 0.000095415339 0.009191004017 0.010381383631
6085.000000 0.000082816334 0.008895275279 0.009310148556
6090.000000 0.000068167979 0.008571096548 0.007953239006
6095.000000 0.000052018013 0.008228043431 0.006322039177
6100.000000 0.000035512942 0.007875585718 0.004509244566
6105.000000 0.000021840866 0.007522138400 0.002903544771
6110.000000 0.000020299642 0.007174060163 0.002829588977
6115.000000 0.000031547931 0.006834793113 0.004615784373
6120.000000 0.000045081067 0.006504362778 0.006930896785
6125.000000 0.000056959676 0.006179405596 0.009217662596
6130.000000 0.000065811288 0.005853761173 0.011242564649
6135.000000 0.000070994731 0.005519506754 0.012862513668
6140.000000 0.000072283719 0.005168195457 0.013986258841
6145.000000 0.000069796236 0.004792037540 0.014565043721
6150.000000 0.000063957266 0.004384829380 0.014586033085
6155.000000 0.000055452794 0.003942540323 0.014065244531
6160.000000 0.000045167152 0.003463562555 0.013040662855
6165.000000 0.000034105609 0.002948686965 0.011566371587
6170.000000 0.000023307819 0.002400887483 0.009708001579
6175.000000 0.000013759281 0.001824989983 0.007539373529
6180.000000 0.000006308276 0.001227283349 0.005140032108
6185.000000 0.000001595202 0.000615109633 0.002593361945
6190.000000 0.000000000053 0.000003547514 0.000014956094
6195.000000 0.000001612174 0.000620469777 0.002598311606
6200.000000 0.000006224539 0.001227607885 0.005070462117
6205.000000 0.000013352799 0.001817486344 0.007346849482
6210.000000 0.000022277338 0.002383611620 0.009346043395
6215.000000 0.000032104782 0.002920879432 0.010991477947
6220.000000 0.000041843818 0.003425964899 0.012213732273
6225.000000 0.000050489100 0.003897662082 0.012953688255
6230.000000 0.000057106468 0.004337118675 0.013166913760
6235.000000 0.000060912937 0.004747891647 0.012829470669
6240.000000 0.000061346161 0.005135740106 0.011944950481
6245.000000 0.000058121357 0.005508086427 0.010552005244
6250.000000 0.000051282627 0.005873129291 0.008731738210
6255.000000 0.000041288414 0.006238684291 0.006618128376
6260.000000 0.000029337736 0.006610935390 0.004437758623
6265.000000 0.000019194006 0.006993354574 0.002744606374
6270.000000 0.000021142992 0.007386037332 0.002862562232
6275.000000 0.000034849057 0.007785596160 0.004476093557
6280.000000 0.000051620712 0.008185597161 0.006306285474
6285.000000 0.000068384859 0.008577388508 0.007972689905
6290.000000 0.000083950478 0.008951106175 0.009378782551
6295.000000 0.000097688184 0.009296656781 0.010507883221
6300.000000 0.000109273856 0.009604539353 0.011377313537
6305.000000 0.000118607096 0.009866440226 0.012021265371
6310.000000 0.000125756524 0.010075593924 0.012481301310
6315.000000 0.000130905001 0.010226939285 0.012800017389
6320.000000 0.000134293089 0.010317116496 0.013016533179
6325.000000 0.000136165966 0.010344353189 0.013163313736
6330.000000 0.000136730793 0.010308282487 0.013264168182
6335.000000 0.000136130483 0.010209727257 0.013333410340
6340.000000 0.000134436683 0.010050475838 0.013376151090
6345.000000 0.000131660491 0.009833066354 0.013389565985
6350.000000 0.000127775701 0.009560590188 0.013364833980
6355.000000 0.000122747474 0.009236520227 0.013289363434
6360.000000 0.000116559714 0.008864565958 0.013148947631
6365.000000 0.000109236425 0.008448555131 0.012929598387
6370.000000 0.000100854840 0.007992340279 0.012618937229
6375.000000 0.000091550167 0.007499727535 0.012207132379
6380.000000 0.000081513150 0.006974424901 0.011687436823
6385.000000 0.000070982236 0.006420007040 0.011056410865
6390.000000 0.000060232165 0.005839893830 0.010313914434
6395.000000 0.000049560651 0.005237340176 0.009462942819
6400.000000 0.000039274413 0.004615434884 0.008509363507
6405.000000 0.000029675564 0.003977106685 0.007461596176
6410.000000 0.000021048991 0.003325135859 0.006330264825
6415.000000 0.000013651184 0.002662170112 0.005127840743
6420.000000 0.000007700769 0.001990743674 0.003868287463
6425.000000 0.000003370861 0.001313298727 0.002566713316
6430.000000 0.000000783327 0.000632208475 0.001239033361
6435.000000 0.000000004938 0.000050198717 0.000098360171
6440.000000 0.000001045420 0.000731614596 0.001428921458
6445.000000 0.000003857394 0.001409726128 0.002736272196
6450.000000 0.000008338183 0.002082190859 0.004004524017
6455.000000 0.000014333490 0.002746612914 0.005218605716
6460.000000 0.000021642943 0.003400520127 0.006364597856
6465.000000 0.000030027483 0.004041342819 0.007430075643
6470.000000 0.000039218522 0.004666394889 0.008404458365
6475.000000 0.000048928747 0.005272858014 0.009279359827
6480.000000 0.000058864313 0.005857769962 0.010048928775
6485.000000 0.000068738006 0.006418018220 0.010710160677
6490.000000 0.000078282741 0.006950340407 0.011263152010
6495.000000 0.000087264464 0.007451333243 0.011711255068
6500.000000 0.000095493231 0.007917472094 0.012061075739
6505.000000 0.000102830867 0.008345143452 0.012322240823
6510.000000 0.000109193470 0.008730692923 0.012506850334
6515.000000 0.000114547001 0.009070491457 0.012628533011
6520.000000 0.000118894841 0.009361022545 0.012701052725
6525.000000 0.000122257395 0.009598992803 0.012736481585
6530.000000 0.000124645865 0.009781467694 0.012743063574
6535.000000 0.000126034643 0.009906032784 0.012723018940
6540.000000 0.000126338655 0.009970978836 0.012670637201
6545.000000 0.000125402314 0.009975505767 0.012571023187
6550.000000 0.000123004999 0.009919935904 0.012399777626
6555.000000 0.000118884584 0.009805920720 0.012123755322
6560.000000 0.000112776760 0.009636617442 0.011702940428
6565.000000 0.000104465243 0.009416802886 0.011093493693
6570.000000 0.000093837238 0.009152882985 0.010252205627
6575.000000 0.000080940655 0.008852750269 0.009142995413
6580.000000 0.000066047759 0.008525442603 0.007747135536
6585.000000 0.000049761959 0.008180571229 0.006082944236
6590.000000 0.000033368967 0.007827521275 0.004263031202
6595.000000 0.000020645434 0.007474486568 0.002762120653
6600.000000 0.000021362203 0.007127474739 0.002997162857
6605.000000 0.000033390406 0.006789483239 0.004917959821
6610.000000 0.000046832176 0.006460063292 0.007249491797
6615.000000 0.000058357504 0.006135425377 0.009511566098
6620.000000 0.000066738496 0.005809102017 0.011488608093
6625.000000 0.000071398749 0.005473025445 0.013045572276
6630.000000 0.000072161225 0.005118772691 0.014097368566
6635.000000 0.000069187753 0.004738721893 0.014600509306
6640.000000 0.000062941780 0.004326937723 0.014546495384
6645.000000 0.000054140245 0.003879710498 0.013954712552
6650.000000 0.000043688701 0.003395764394 0.012865645457
6655.000000 0.000032602278 0.002876202421 0.011335182193
6660.000000 0.000021918430 0.002324270982 0.009430238464
6665.000000 0.000012608698 0.001745018016 0.007225540285
6670.000000 0.000005496953 0.001144899501 0.004801254116
6675.000000 0.000001190883 0.000531368591 0.002241161354
6680.000000 0.000000032288 0.000087535472 0.000368853364
6685.000000 0.000002070081 0.000703593659 0.002942153974
6690.000000 0.000007057955 0.001308810747 0.005392647821
6695.000000 0.000014476698 0.001895820474 0.007636112053
6700.000000 0.000023579134 0.002458294064 0.009591665470
6705.000000 0.000033453909 0.002991346481 0.011183562143
6710.000000 0.000043102785 0.003491922101 0.012343570124
6715.000000 0.000051525129 0.003959123697 0.013014276123
6720.000000 0.000057802790 0.004394427556 0.013153656440
6725.000000 0.000061178926 0.004801708372 0.012741074895
6730.000000 0.000061125772 0.005186990413 0.011784439004
6735.000000 0.000057400067 0.005557860697 0.010327726769
6740.000000 0.000050095328 0.005922538240 0.008458422105
6745.000000 0.000039740257 0.006288689564 0.006319322369
6750.000000 0.000027705982 0.006662187066 0.004158691636
6755.000000 0.000018487028 0.007046072009 0.002623735259
6760.000000 0.000022574031 0.007439960627 0.003034159961
6765.000000 0.000037051248 0.007840015760 0.004725914971
6770.000000 0.000053931232 0.008239447767 0.006545491089
6775.000000 0.000070584988 0.008629380027 0.008179612920
6780.000000 0.000085931459 0.008999862239 0.009548086026
6785.000000 0.000099390604 0.009340837876 0.010640437734
6790.000000 0.000110672253 0.009642937504 0.011477026860
6795.000000 0.000119702053 0.009898041313 0.012093509146
6800.000000 0.000126567405 0.010099609953 0.012531910169
6805.000000 0.000131462306 0.010242816223 0.012834586064
6810.000000 0.000134630900 0.010324524293 0.013039913116
6815.000000 0.000136315391 0.010343164226 0.013179273591
6820.000000 0.000136715347 0.010298543629 0.013275211676
6825.000000 0.000135963995 0.010191629472 0.013340751427
6830.000000 0.000134123794 0.010024324128 0.013379834124
6835.000000 0.000131199219 0.009799251802 0.013388697567
6840.000000 0.000127161178 0.009519565123 0.013357876805
6845.000000 0.000121975867 0.009188776976 0.013274439801
6850.000000 0.000115631546 0.008810619256 0.013124111106
6855.000000 0.000108158866 0.008388928037 0.012893049719
6860.000000 0.000099642823 0.007927553265 0.012569177386
6865.000000 0.000090226442 0.007430290397 0.012143057237
6870.000000 0.000080107496 0.006900831075 0.011608383902
6875.000000 0.000069530084 0.006342729943 0.010962170002
6880.000000 0.000058772871 0.005759384870 0.010204713221
6885.000000 0.000048135611 0.005154028116 0.009339415613
6890.000000 0.000037925181 0.004529726272 0.008372510575
6895.000000 0.000028442068 0.003889387142 0.007312737626
6900.000000 0.000019967924 0.003235772003 0.006170992380
6905.000000 0.000012754620 0.002571511987 0.004959969283
6910.000000 0.000007015011 0.001899127535 0.003693807364
6915.000000 0.000002915555 0.001221050087 0.002387744025
6920.000000 0.000000570825 0.000539645332 0.001057778226
6925.000000 0.000000039925 0.000142762553 0.000279658079
6930.000000 0.000001324796 0.000823866124 0.001608022983
6935.000000 0.000004370408 0.001501349791 0.002910985676
6940.000000 0.000009066822 0.002172865237 0.004172749333
6945.000000 0.000015253124 0.002836007548 0.005378379218
6950.000000 0.000022723220 0.003488292528 0.006514138404
6955.000000 0.000031233469 0.004127135750 0.007567831714
6960.000000 0.000040512074 0.004749834019 0.008529155719
6965.000000 0.000050270095 0.005353550068 0.009390048608
6970.000000 0.000060213800 0.005935301515 0.010145028015
6975.000000 0.000070057916 0.006491955315 0.010791496951
6980.000000 0.000079539109 0.007020229236 0.011329987384
6985.000000 0.000088428720 0.007516702123 0.011764297476
6990.000000 0.000096543474 0.007977835061 0.012101462724
6995.000000 0.000103752551 0.008400005807 0.012351485632
7000.000000 0.000109979242 0.008779559084 0.012526738650
7005.000000 0.000115195502 0.009112875502 0.012640960748
7010.000000 0.000119408377 0.009396461795 0.012707802084
7015.000000 0.000122638649 0.009627064743 0.012738945083
7020.000000 0.000124894105 0.009801810362 0.012741942648
7025.000000 0.000126142207 0.009918368557 0.012718039909
7030.000000 0.000126288632 0.009975141157 0.012660335332
7035.000000 0.000125168245 0.009971467814 0.012552639895
7040.000000 0.000122553025 0.009907839458 0.012369298590
7045.000000 0.000118177943 0.009786102520 0.012076099029
7050.000000 0.000111782092 0.009609629148 0.011632300344
7055.000000 0.000103159919 0.009383419504 0.010993851355
7060.000000 0.000092217044 0.009114093538 0.010118070779
7065.000000 0.000079027758 0.008809724082 0.008970514499
7070.000000 0.000063901046 0.008479465631 0.007535975535
7075.000000 0.000047501249 0.008132950252 0.005840592607
7080.000000 0.000031279597 0.007779460438 0.004020792578
7085.000000 0.000019719379 0.007426950223 0.002655111248
7090.000000 0.000022635559 0.007081060673 0.003196634006
7095.000000 0.000035247900 0.006744336307 0.005226296364
7100.000000 0.000048545743 0.006415855958 0.007566526294
7105.000000 0.000059696608 0.006091416573 0.009800119112
7110.000000 0.000067596631 0.005764263828 0.011726845523
7115.000000 0.000071730504 0.005426208266 0.013219268555
7120.000000 0.000071969499 0.005068872396 0.014198325209
7125.000000 0.000068518641 0.004684818644 0.014625676276
7130.000000 0.000061878960 0.004268389874 0.014497026324
7135.000000 0.000052797154 0.003816201095 0.013835003114
7140.000000 0.000042198529 0.003327307330 0.012682485996
7145.000000 0.000031106459 0.002803119264 0.011097087370
7150.000000 0.000020554561 0.002247149395 0.009146949062
7155.000000 0.000011498907 0.001664660432 0.006907659246
7160.000000 0.000004737686 0.001062267861 0.004459972915
7165.000000 0.000000844952 0.000447528363 0.001888040626
7170.000000 0.000000123815 0.000171470703 0.000722073949
7175.000000 0.000002582712 0.000786517020 0.003283732795
7180.000000 0.000007936469 0.001389676865 0.005711017332
7185.000000 0.000015631842 0.001973700738 0.007920066834
7190.000000 0.000024895281 0.002532432126 0.009830581832
7195.000000 0.000034798882 0.003061212390 0.011367679637
7200.000000 0.000044339048 0.003557261306 0.012464377506
7205.000000 0.000052521432 0.004019994437 0.013065050826
7210.000000 0.000058445351 0.004451217253 0.013130195111
7215.000000 0.000061381355 0.004855117696 0.012642609156
7220.000000 0.000060837273 0.005237974406 0.011614656392
7225.000000 0.000056612272 0.005607521783 0.010095773916
7230.000000 0.000048850836 0.005971977064 0.008180010667
7235.000000 0.000038157833 0.006338834428 0.006019692336
7240.000000 0.000026110064 0.006713635241 0.003889109770
7245.000000 0.000018061705 0.007098978911 0.002544268080
7250.000000 0.000024189734 0.007494001962 0.003227879274
7255.000000 0.000039289798 0.007894427060 0.004976902984
7260.000000 0.000056235883 0.008293125097 0.006781024323
7265.000000 0.000072760397 0.008681013611 0.008381555431
7270.000000 0.000087877276 0.009048074033 0.009712263167
7275.000000 0.000101052615 0.009384301370 0.010768261933
7280.000000 0.000112028951 0.009680468085 0.011572679150
7285.000000 0.000120757004 0.009928654258 0.012162474439
7290.000000 0.000127341937 0.010122549017 0.012580026697
7295.000000 0.000131987838 0.010257558666 0.012867373399
7300.000000 0.000134941457 0.010330768984 0.013062092212
7305.000000 0.000136441273 0.010340808948 0.013194448643
7310.000000 0.000136678816 0.010287656599 0.013285709436
7315.000000 0.000135777553 0.010172418858 0.013347617191
7320.000000 0.000133790994 0.009997108192 0.013382969483
7325.000000 0.000130717455 0.009764431314 0.013387103794
7330.000000 0.000126525501 0.009477599003 0.013349952963
7335.000000 0.000121182858 0.009140161542 0.013258284006
7340.000000 0.000114682523 0.008755871127 0.013097785621
7345.000000 0.000107062012 0.008328570491 0.012854788433
7350.000000 0.000098414148 0.007862105744 0.012517530480
7355.000000 0.000088889712 0.007360260762 0.012076978691
7360.000000 0.000078693350 0.006826710219 0.011527272647
7365.000000 0.000068074590 0.006264988380 0.010865876568
7370.000000 0.000057315774 0.005678470948 0.010093522485
7375.000000 0.000046718438 0.005070367534 0.009214014130
7380.000000 0.000036589367 0.004443722651 0.008233944784
7385.000000 0.000027227191 0.003801423396 0.007162367334
7390.000000 0.000018910128 0.003146212352 0.006010442421
7395.000000 0.000011885256 0.002480704433 0.004791081118
7400.000000 0.000006359526 0.001807406692 0.003518591572
7405.000000 0.000002492636 0.001128740257 0.002208334060
7410.000000 0.000000391800 0.000447063747 0.000876385402
7415.000000 0.000000108425 0.000235302391 0.000460788674
7420.000000 0.000001636668 0.000916051062 0.001786656074
7425.000000 0.000004913888 0.001592863669 0.003084939424
7430.000000 0.000009822956 0.002263385593 0.004339939477
7435.000000 0.000016196449 0.002925202461 0.005536864145
7440.000000 0.000023822688 0.003575817659 0.006662165348
7445.000000 0.000032453626 0.004212631670 0.007703883975
7450.000000 0.000041814459 0.004832923923 0.008652000339
7455.000000 0.000051614849 0.005433838002 0.009498783263
7460.000000 0.000061561421 0.006012371269 0.010239124945
7465.000000 0.000071371092 0.006565370175 0.010870840491
7470.000000 0.000080784517 0.007089532818 0.011394899972
7475.000000 0.000089578631 0.007581420556 0.011815547004
7480.000000 0.000097576961 0.008037480825 0.012140241849
7485.000000 0.000104656075 0.008454083565 0.012379351847
7490.000000 0.000110746359 0.008827573882 0.012545503488
7495.000000 0.000115825509 0.009154343704 0.012652519151
