0.000000 0.491929 0.499929 0.008071 0.000071 -0.814200 -0.014316 0.814256 0.014494 -1.668413
1.000000 0.483715 0.499712 0.016285 0.000290 -0.828630 -0.029349 0.828744 0.029719 -1.656252
2.000000 0.475356 0.499340 0.024646 0.000665 -0.843294 -0.045154 0.843466 0.045730 -1.643470
3.000000 0.466849 0.498807 0.033154 0.001204 -0.858196 -0.061791 0.858426 0.062592 -1.630013
4.000000 0.458192 0.498102 0.041814 0.001917 -0.873337 -0.079329 0.873627 0.080371 -1.615824
5.000000 0.449382 0.497218 0.050627 0.002812 -0.888719 -0.097842 0.889068 0.099147 -1.600839
6.000000 0.440417 0.496143 0.059595 0.003900 -0.904341 -0.117413 0.904747 0.119004 -1.584987
7.000000 0.431294 0.494867 0.068722 0.005192 -0.920199 -0.138136 0.920661 0.140038 -1.568190
8.000000 0.422012 0.493377 0.078009 0.006701 -0.936286 -0.160114 0.936801 0.162357 -1.550362
9.000000 0.412568 0.491661 0.087458 0.008439 -0.952590 -0.183466 0.953154 0.186083 -1.531406
10.000000 0.402960 0.489704 0.097072 0.010422 -0.969097 -0.208323 0.969704 0.211350 -1.511214
11.000000 0.393186 0.487490 0.106852 0.012666 -0.985781 -0.234835 0.986423 0.238315 -1.489665
12.000000 0.383244 0.485003 0.116800 0.015189 -1.002611 -0.263171 1.003276 0.267151 -1.466624
13.000000 0.373133 0.482222 0.126918 0.018009 -1.019542 -0.293524 1.020217 0.298057 -1.441939
14.000000 0.362853 0.479127 0.137205 0.021150 -1.036516 -0.326112 1.037180 0.331262 -1.415436
15.000000 0.352403 0.475694 0.147661 0.024634 -1.053453 -0.361186 1.054080 0.367024 -1.386921
16.000000 0.341784 0.471896 0.158286 0.028490 -1.070250 -0.399035 1.070805 0.405641 -1.356174
17.000000 0.330999 0.467705 0.169077 0.032747 -1.086767 -0.439988 1.087206 0.447457 -1.322942
18.000000 0.320050 0.463088 0.180030 0.037439 -1.102824 -0.484426 1.103085 0.492866 -1.286942
19.000000 0.308944 0.458007 0.191139 0.042605 -1.118178 -0.532787 1.118184 0.542323 -1.247849
20.000000 0.297689 0.452421 0.202394 0.048286 -1.132512 -0.585577 1.132157 0.596351 -1.205298
21.000000 0.286297 0.446283 0.213782 0.054532 -1.145402 -0.643377 1.144547 0.655553 -1.158876
22.000000 0.274786 0.439539 0.225285 0.061397 -1.156285 -0.706850 1.154742 0.720614 -1.108122
23.000000 0.263179 0.432130 0.236877 0.068944 -1.164408 -0.776753 1.161928 0.792311 -1.052529
24.000000 0.251507 0.423986 0.248523 0.077243 -1.168762 -0.853928 1.165010 0.871503 -0.991552
25.000000 0.239816 0.415031 0.260177 0.086374 -1.167992 -0.939287 1.162516 0.959109 -0.924631
26.000000 0.228165 0.405178 0.271774 0.096425 -1.160274 -1.033772 1.152473 1.056053 -0.851230
27.000000 0.216634 0.394331 0.283227 0.107495 -1.143168 -1.138254 1.132240 1.163141 -0.770918
28.000000 0.205333 0.382387 0.294419 0.119688 -1.113429 -1.253353 1.098331 1.280849 -0.683499
29.000000 0.194407 0.369238 0.305193 0.133112 -1.066826 -1.379103 1.046244 1.408924 -0.589230
30.000000 0.184051 0.354782 0.315343 0.147867 -0.998032 -1.514398 0.970417 1.545766 -0.489172
31.000000 0.174517 0.338935 0.324602 0.164027 -0.900768 -1.656141 0.864510 1.687504 -0.385740
32.000000 0.166122 0.321659 0.332634 0.181617 -0.768519 -1.798149 0.722378 1.826925 -0.283550
33.000000 0.159245 0.302998 0.339049 0.200566 -0.596248 -1.930144 0.540088 1.952708 -0.190625
34.000000 0.154297 0.283118 0.343435 0.220671 -0.383311 -2.037755 0.318957 2.050018 -0.119654
35.000000 0.151661 0.262346 0.345428 0.241566 -0.136774 -2.104836 0.068375 2.103570 -0.087928
36.000000 0.151602 0.241157 0.344803 0.262742 0.127221 -2.118594 -0.194014 2.102918 -0.113567
37.000000 0.154189 0.220118 0.341548 0.283624 0.386605 -2.075303 -0.446493 2.047215 -0.207914
38.000000 0.159265 0.199775 0.335873 0.303687 0.620436 -1.982387 -0.670124 1.945815 -0.369424
39.000000 0.166496 0.180555 0.328145 0.322541 0.815300 -1.854952 -0.853912 1.814147 -0.584943
40.000000 0.175460 0.162718 0.318795 0.339969 0.967148 -1.709670 -0.995568 1.668045 -0.836849
41.000000 0.185737 0.146370 0.308234 0.355902 1.078971 -1.560181 -1.098909 1.519951 -1.109761
42.000000 0.196955 0.131501 0.296817 0.370368 1.157214 -1.415509 -1.170518 1.377857 -1.393425
43.000000 0.208815 0.118034 0.284824 0.383459 1.209040 -1.280582 -1.217348 1.245977 -1.682551
44.000000 0.221086 0.105859 0.272470 0.395288 1.240891 -1.157453 -1.245520 1.125946 -1.975504
45.000000 0.233596 0.094854 0.259913 0.405978 1.257997 -1.046447 -1.259958 1.017869 -2.273003
46.000000 0.246219 0.084900 0.247271 0.415645 1.264382 -0.946974 -1.264426 0.921058 -2.577206
47.000000 0.258864 0.075888 0.234625 0.424399 1.263052 -0.858029 -1.261729 0.834483 -2.891191
48.000000 0.271466 0.067716 0.222036 0.432335 1.256215 -0.778479 -1.253925 0.757018 -3.218708
49.000000 0.283979 0.060297 0.209546 0.439539 1.245481 -0.707212 -1.242517 0.687574 -3.564124
50.000000 0.296369 0.053554 0.197186 0.446087 1.232023 -0.643198 -1.228597 0.625153 -3.932501
51.000000 0.308615 0.047417 0.184974 0.452042 1.216696 -0.585522 -1.212962 0.568867 -4.329770
52.000000 0.320700 0.041829 0.172926 0.457464 1.200121 -0.533384 -1.196192 0.517944 -4.763021
53.000000 0.332615 0.036737 0.161051 0.462401 1.182752 -0.486090 -1.178710 0.471716 -5.240905
54.000000 0.344354 0.032097 0.149352 0.466898 1.164920 -0.443045 -1.160825 0.429607 -5.774221
55.000000 0.355913 0.027867 0.137834 0.470993 1.146868 -0.403736 -1.142763 0.391124 -6.376760
56.000000 0.367291 0.024014 0.126497 0.474721 1.128771 -0.367723 -1.124689 0.355843 -7.066549
57.000000 0.378489 0.020505 0.115340 0.478110 1.110758 -0.334629 -1.106721 0.323399 -7.867745
58.000000 0.389507 0.017315 0.104363 0.481189 1.092920 -0.304128 -1.088944 0.293477 -8.813622
59.000000 0.400348 0.014417 0.093561 0.483980 1.075323 -0.275939 -1.071420 0.265805 -9.951451
60.000000 0.411014 0.011791 0.082934 0.486505 1.058014 -0.249817 -1.054190 0.240148 -11.350859
61.000000 0.421509 0.009416 0.072478 0.488783 1.041022 -0.225550 -1.037283 0.216299 -13.118968
62.000000 0.431835 0.007276 0.062188 0.490831 1.024367 -0.202954 -1.020717 0.194081 -15.429700
63.000000 0.441997 0.005353 0.052063 0.492664 1.008062 -0.181867 -1.004500 0.173336 -18.585620
64.000000 0.451997 0.003635 0.042098 0.494297 0.992111 -0.162146 -0.988638 0.153926 -23.163946
65.000000 0.461840 0.002107 0.032290 0.495743 0.976515 -0.143667 -0.973131 0.135730 -30.419322
66.000000 0.471529 0.000759 0.022636 0.497012 0.961271 -0.126318 -0.957975 0.118640 -43.686101
67.000000 0.481066 -0.000422 0.013131 0.498116 0.946376 -0.110002 -0.943164 0.102561 -75.665575
68.000000 0.490457 -0.001444 0.003773 0.499063 0.931821 -0.094632 -0.928693 0.087407 -247.127025
69.000000 0.499704 -0.002317 -0.005443 0.499864 0.917599 -0.080129 -0.914552 0.073104 -168.631355
70.000000 0.508810 -0.003048 -0.014518 0.500525 0.903701 -0.066424 -0.900732 0.059583 -67.000080
71.000000 0.517779 -0.003647 -0.023457 0.501055 0.890117 -0.053454 -0.887224 0.046784 -41.729260
72.000000 0.526613 -0.004119 -0.032263 0.501461 0.876837 -0.041164 -0.874019 0.034652 -30.362915
73.000000 0.535316 -0.004472 -0.040938 0.501748 0.863852 -0.029504 -0.861105 0.023137 -23.911638
74.000000 0.543891 -0.004711 -0.049485 0.501924 0.851152 -0.018426 -0.848474 0.012195 -19.757047
75.000000 0.552340 -0.004842 -0.057907 0.501992 0.838727 -0.007890 -0.836116 0.001785 -16.859344
76.000000 0.560666 -0.004870 -0.066207 0.501959 0.826568 0.002142 -0.824020 -0.008129 -14.723858
77.000000 0.568872 -0.004800 -0.074388 0.501830 0.814664 0.011703 -0.812178 -0.017581 -13.085290
78.000000 0.576960 -0.004637 -0.082451 0.501608 0.803007 0.020826 -0.800581 -0.026600 -11.788609
79.000000 0.584932 -0.004384 -0.090399 0.501298 0.791588 0.029538 -0.789219 -0.035217 -10.737167
80.000000 0.592792 -0.004047 -0.098235 0.500904 0.780399 0.037866 -0.778085 -0.043454 -9.867585
81.000000 0.600541 -0.003628 -0.105961 0.500429 0.769430 0.045834 -0.767170 -0.051337 -9.136577
82.000000 0.608181 -0.003131 -0.113579 0.499877 0.758675 0.053463 -0.756466 -0.058886 -8.513573
83.000000 0.615715 -0.002560 -0.121090 0.499251 0.748125 0.060773 -0.745965 -0.066122 -7.976371
84.000000 0.623144 -0.001916 -0.128498 0.498554 0.737773 0.067784 -0.735661 -0.073062 -7.508459
85.000000 0.630471 -0.001205 -0.135804 0.497790 0.727613 0.074512 -0.725547 -0.079723 -7.097300
86.000000 0.637697 -0.000427 -0.143009 0.496960 0.717636 0.080974 -0.715615 -0.086121 -6.733207
87.000000 0.644824 0.000414 -0.150116 0.496067 0.707837 0.087183 -0.705859 -0.092271 -6.408575
88.000000 0.651854 0.001316 -0.157126 0.495114 0.698210 0.093154 -0.696273 -0.098185 -6.117353
89.000000 0.658789 0.002277 -0.164041 0.494104 0.688749 0.098899 -0.686852 -0.103877 -5.854663
90.000000 0.665630 0.003294 -0.170863 0.493037 0.679448 0.104430 -0.677589 -0.109357 -5.616532
91.000000 0.672378 0.004365 -0.177593 0.491916 0.670301 0.109758 -0.668480 -0.114637 -5.399692
92.000000 0.679036 0.005488 -0.184233 0.490744 0.661303 0.114894 -0.659518 -0.119726 -5.201426
93.000000 0.685605 0.006662 -0.190784 0.489522 0.652450 0.119845 -0.650700 -0.124634 -5.019463
94.000000 0.692085 0.007885 -0.197247 0.488252 0.643736 0.124623 -0.642020 -0.129370 -4.851885
95.000000 0.698480 0.009154 -0.203624 0.486935 0.635158 0.129234 -0.633474 -0.133942 -4.697064
96.000000 0.704789 0.010469 -0.209916 0.485573 0.626709 0.133687 -0.625057 -0.138357 -4.553607
97.000000 0.711014 0.011828 -0.216125 0.484167 0.618387 0.137989 -0.616766 -0.142622 -4.420317
98.000000 0.717157 0.013229 -0.222252 0.482720 0.610188 0.142146 -0.608596 -0.146745 -4.296160
99.000000 0.723218 0.014670 -0.228297 0.481233 0.602106 0.146166 -0.600543 -0.150732 -4.180235
100.000000 0.729199 0.016152 -0.234262 0.479706 0.594140 0.150054 -0.592604 -0.154589 -4.071759
101.000000 0.735101 0.017671 -0.240149 0.478141 0.586284 0.153816 -0.584776 -0.158320 -3.970042
102.000000 0.740925 0.019228 -0.245958 0.476539 0.578536 0.157457 -0.577054 -0.161933 -3.874477
103.000000 0.746672 0.020820 -0.251690 0.474902 0.570893 0.160983 -0.569436 -0.165430 -3.784529
104.000000 0.752343 0.022447 -0.257347 0.473231 0.563350 0.164398 -0.561918 -0.168818 -3.699722
105.000000 0.757939 0.024108 -0.262928 0.471526 0.555906 0.167706 -0.554498 -0.172101 -3.619632
106.000000 0.763462 0.025801 -0.268437 0.469789 0.548558 0.170912 -0.547172 -0.175283 -3.543881
107.000000 0.768911 0.027526 -0.273872 0.468020 0.541301 0.174020 -0.539938 -0.178367 -3.472131
108.000000 0.774288 0.029281 -0.279235 0.466221 0.534135 0.177034 -0.532793 -0.181358 -3.404075
109.000000 0.779594 0.031066 -0.284528 0.464393 0.527055 0.179957 -0.525735 -0.184259 -3.339441
110.000000 0.784829 0.032880 -0.289750 0.462536 0.520060 0.182792 -0.518761 -0.187073 -3.277979
111.000000 0.789995 0.034722 -0.294903 0.460651 0.513148 0.185543 -0.511868 -0.189804 -3.219466
112.000000 0.795092 0.036591 -0.299987 0.458740 0.506315 0.188214 -0.505055 -0.192455 -3.163697
113.000000 0.800122 0.038486 -0.305004 0.456802 0.499560 0.190806 -0.498319 -0.195028 -3.110487
114.000000 0.805084 0.040406 -0.309954 0.454839 0.492881 0.193323 -0.491658 -0.197527 -3.059667
115.000000 0.809979 0.042352 -0.314837 0.452852 0.486275 0.195767 -0.485070 -0.199954 -3.011081
116.000000 0.814809 0.044322 -0.319655 0.450840 0.479740 0.198141 -0.478552 -0.202311 -2.964590
117.000000 0.819574 0.046315 -0.324408 0.448806 0.473275 0.200447 -0.472104 -0.204600 -2.920062
118.000000 0.824275 0.048330 -0.329097 0.446748 0.466878 0.202688 -0.465723 -0.206825 -2.877378
119.000000 0.828912 0.050368 -0.333723 0.444669 0.460546 0.204865 -0.459408 -0.208987 -2.836429
120.000000 0.833486 0.052428 -0.338285 0.442569 0.454279 0.206981 -0.453156 -0.211088 -2.797114
121.000000 0.837998 0.054508 -0.342786 0.440447 0.448074 0.209038 -0.446966 -0.213130 -2.759338
122.000000 0.842448 0.056608 -0.347225 0.438306 0.441929 0.211037 -0.440836 -0.215115 -2.723015
123.000000 0.846837 0.058728 -0.351603 0.436145 0.435844 0.212980 -0.434765 -0.217045 -2.688066
124.000000 0.851165 0.060868 -0.355920 0.433965 0.429816 0.214870 -0.428752 -0.218922 -2.654415
125.000000 0.855433 0.063026 -0.360178 0.431767 0.423845 0.216707 -0.422794 -0.220746 -2.621995
126.000000 0.859642 0.065202 -0.364376 0.429550 0.417928 0.218493 -0.416891 -0.222520 -2.590739
127.000000 0.863792 0.067395 -0.368515 0.427316 0.412065 0.220231 -0.411041 -0.224245 -2.560590
128.000000 0.867883 0.069606 -0.372597 0.425065 0.406253 0.221920 -0.405242 -0.225923 -2.531490
129.000000 0.871917 0.071834 -0.376620 0.422798 0.400493 0.223563 -0.399494 -0.227554 -2.503389
130.000000 0.875893 0.074077 -0.380587 0.420514 0.394782 0.225161 -0.393794 -0.229141 -2.476237
131.000000 0.879813 0.076337 -0.384496 0.418215 0.389119 0.226714 -0.388143 -0.230684 -2.449988
132.000000 0.883676 0.078612 -0.388349 0.415900 0.383503 0.228226 -0.382539 -0.232185 -2.424600
133.000000 0.887483 0.080901 -0.392147 0.413571 0.377933 0.229696 -0.376980 -0.233645 -2.400034
134.000000 0.891235 0.083205 -0.395889 0.411228 0.372407 0.231125 -0.371465 -0.235064 -2.376251
135.000000 0.894931 0.085524 -0.399576 0.408870 0.366926 0.232515 -0.365994 -0.236445 -2.353216
136.000000 0.898573 0.087856 -0.403209 0.406499 0.361486 0.233867 -0.360566 -0.237787 -2.330896
137.000000 0.902161 0.090201 -0.406788 0.404114 0.356089 0.235181 -0.355178 -0.239093 -2.309261
138.000000 0.905695 0.092559 -0.410313 0.401717 0.350732 0.236460 -0.349831 -0.240362 -2.288279
139.000000 0.909176 0.094930 -0.413784 0.399307 0.345415 0.237702 -0.344524 -0.241596 -2.267925
140.000000 0.912603 0.097313 -0.417203 0.396885 0.340136 0.238910 -0.339255 -0.242796 -2.248171
141.000000 0.915979 0.099708 -0.420569 0.394451 0.334895 0.240085 -0.334023 -0.243962 -2.228993
142.000000 0.919301 0.102115 -0.423883 0.392006 0.329691 0.241226 -0.328828 -0.245095 -2.210367
143.000000 0.922572 0.104532 -0.427146 0.389549 0.324523 0.242336 -0.323669 -0.246197 -2.192272
144.000000 0.925792 0.106961 -0.430357 0.387082 0.319390 0.243414 -0.318544 -0.247267 -2.174686
145.000000 0.928960 0.109401 -0.433517 0.384604 0.314292 0.244461 -0.313454 -0.248307 -2.157590
146.000000 0.932078 0.111850 -0.436626 0.382116 0.309227 0.245479 -0.308397 -0.249317 -2.140965
147.000000 0.935145 0.114310 -0.439685 0.379617 0.304194 0.246467 -0.303373 -0.250298 -2.124793
148.000000 0.938162 0.116780 -0.442693 0.377110 0.299194 0.247426 -0.298381 -0.251250 -2.109057
149.000000 0.941129 0.119259 -0.445652 0.374592 0.294225 0.248357 -0.293419 -0.252175 -2.093741
150.000000 0.944046 0.121747 -0.448562 0.372066 0.289286 0.249261 -0.288488 -0.253072 -2.078830
151.000000 0.946915 0.124244 -0.451422 0.369531 0.284378 0.250138 -0.283586 -0.253942 -2.064309
152.000000 0.949734 0.126749 -0.454234 0.366987 0.279498 0.250989 -0.278714 -0.254787 -2.050165
153.000000 0.952505 0.129264 -0.456996 0.364435 0.274647 0.251814 -0.273869 -0.255605 -2.036384
154.000000 0.955227 0.131786 -0.459711 0.361875 0.269823 0.252614 -0.269053 -0.256399 -2.022953
155.000000 0.957901 0.134316 -0.462377 0.359307 0.265027 0.253389 -0.264263 -0.257168 -2.009862
156.000000 0.960528 0.136853 -0.464996 0.356732 0.260257 0.254139 -0.259499 -0.257912 -1.997097
157.000000 0.963106 0.139398 -0.467567 0.354149 0.255513 0.254866 -0.254762 -0.258633 -1.984650
158.000000 0.965638 0.141951 -0.470091 0.351559 0.250794 0.255570 -0.250049 -0.259331 -1.972508
159.000000 0.968122 0.144510 -0.472568 0.348962 0.246100 0.256250 -0.245361 -0.260006 -1.960662
160.000000 0.970560 0.147076 -0.474999 0.346359 0.241430 0.256908 -0.240697 -0.260658 -1.949103
161.000000 0.972951 0.149648 -0.477382 0.343749 0.236783 0.257544 -0.236056 -0.261289 -1.937822
162.000000 0.975296 0.152226 -0.479720 0.341133 0.232160 0.258158 -0.231438 -0.261898 -1.926809
163.000000 0.977594 0.154811 -0.482011 0.338511 0.227559 0.258751 -0.226843 -0.262485 -1.916057
164.000000 0.979847 0.157401 -0.484257 0.335884 0.222980 0.259323 -0.222269 -0.263052 -1.905558
165.000000 0.982054 0.159997 -0.486456 0.333250 0.218422 0.259874 -0.217717 -0.263598 -1.895303
166.000000 0.984215 0.162599 -0.488611 0.330612 0.213885 0.260405 -0.213185 -0.264124 -1.885287
167.000000 0.986332 0.165205 -0.490720 0.327968 0.209369 0.260916 -0.208674 -0.264630 -1.875500
168.000000 0.988403 0.167817 -0.492784 0.325319 0.204872 0.261407 -0.204182 -0.265116 -1.865938
169.000000 0.990429 0.170434 -0.494804 0.322665 0.200395 0.261879 -0.199710 -0.265583 -1.856594
170.000000 0.992411 0.173055 -0.496779 0.320007 0.195937 0.262332 -0.195256 -0.266031 -1.847460
171.000000 0.994348 0.175680 -0.498709 0.317345 0.191498 0.262766 -0.190821 -0.266460 -1.838532
172.000000 0.996241 0.178310 -0.500595 0.314678 0.187076 0.263181 -0.186404 -0.266871 -1.829803
173.000000 0.998090 0.180944 -0.502437 0.312007 0.182672 0.263578 -0.182004 -0.267263 -1.821269
174.000000 0.999894 0.183581 -0.504235 0.309333 0.178285 0.263957 -0.177622 -0.267638 -1.812924
175.000000 1.001655 0.186223 -0.505989 0.306655 0.173915 0.264318 -0.173256 -0.267995 -1.804762
176.000000 1.003373 0.188868 -0.507700 0.303973 0.169562 0.264662 -0.168906 -0.268334 -1.796779
177.000000 1.005047 0.191516 -0.509368 0.301288 0.165224 0.264989 -0.164572 -0.268657 -1.788970
178.000000 1.006677 0.194167 -0.510992 0.298600 0.160902 0.265298 -0.160254 -0.268962 -1.781331
179.000000 1.008265 0.196822 -0.512573 0.295909 0.156594 0.265590 -0.155950 -0.269250 -1.773857
180.000000 1.009809 0.199479 -0.514111 0.293215 0.152302 0.265866 -0.151661 -0.269522 -1.766544
181.000000 1.011311 0.202139 -0.515606 0.290518 0.148024 0.266126 -0.147387 -0.269777 -1.759388
182.000000 1.012770 0.204802 -0.517058 0.287819 0.143759 0.266369 -0.143126 -0.270016 -1.752386
183.000000 1.014186 0.207467 -0.518468 0.285118 0.139509 0.266595 -0.138879 -0.270239 -1.745532
184.000000 1.015560 0.210134 -0.519836 0.282414 0.135271 0.266806 -0.134644 -0.270445 -1.738824
185.000000 1.016891 0.212803 -0.521161 0.279709 0.131047 0.267001 -0.130423 -0.270637 -1.732259
186.000000 1.018181 0.215474 -0.522444 0.277002 0.126834 0.267181 -0.126214 -0.270812 -1.725832
187.000000 1.019428 0.218146 -0.523686 0.274293 0.122634 0.267345 -0.122016 -0.270972 -1.719541
188.000000 1.020634 0.220820 -0.524885 0.271582 0.118446 0.267494 -0.117831 -0.271117 -1.713383
189.000000 1.021797 0.223496 -0.526042 0.268870 0.114269 0.267627 -0.113657 -0.271247 -1.707353
190.000000 1.022919 0.226173 -0.527158 0.266157 0.110103 0.267746 -0.109494 -0.271362 -1.701450
191.000000 1.023999 0.228851 -0.528232 0.263443 0.105948 0.267849 -0.105341 -0.271462 -1.695671
192.000000 1.025038 0.231530 -0.529265 0.260728 0.101803 0.267938 -0.101199 -0.271547 -1.690012
193.000000 1.026035 0.234210 -0.530256 0.258012 0.097668 0.268012 -0.097067 -0.271617 -1.684472
194.000000 1.026991 0.236890 -0.531206 0.255296 0.093544 0.268072 -0.092944 -0.271673 -1.679047
195.000000 1.027906 0.239571 -0.532115 0.252579 0.089428 0.268117 -0.088831 -0.271715 -1.673735
196.000000 1.028780 0.242252 -0.532983 0.249862 0.085322 0.268147 -0.084727 -0.271742 -1.668534
197.000000 1.029613 0.244934 -0.533809 0.247144 0.081224 0.268164 -0.080631 -0.271754 -1.663442
198.000000 1.030404 0.247616 -0.534595 0.244426 0.077135 0.268166 -0.076544 -0.271753 -1.658455
199.000000 1.031155 0.250297 -0.535340 0.241709 0.073054 0.268154 -0.072465 -0.271738 -1.653573
200.000000 1.031865 0.252979 -0.536045 0.238992 0.068981 0.268128 -0.068394 -0.271709 -1.648792
201.000000 1.032535 0.255660 -0.536708 0.236275 0.064916 0.268089 -0.064331 -0.271665 -1.644111
202.000000 1.033164 0.258340 -0.537331 0.233558 0.060857 0.268035 -0.060274 -0.271608 -1.639528
203.000000 1.033752 0.261020 -0.537914 0.230843 0.056806 0.267968 -0.056225 -0.271537 -1.635040
204.000000 1.034300 0.263700 -0.538456 0.228128 0.052762 0.267887 -0.052182 -0.271453 -1.630647
205.000000 1.034807 0.266378 -0.538957 0.225414 0.048724 0.267792 -0.048145 -0.271355 -1.626346
206.000000 1.035274 0.269056 -0.539419 0.222701 0.044692 0.267684 -0.044115 -0.271243 -1.622135
207.000000 1.035701 0.271732 -0.539840 0.219989 0.040665 0.267562 -0.040090 -0.271118 -1.618013
208.000000 1.036088 0.274407 -0.540220 0.217278 0.036645 0.267426 -0.036071 -0.270979 -1.613978
209.000000 1.036434 0.277080 -0.540561 0.214569 0.032629 0.267277 -0.032057 -0.270827 -1.610029
210.000000 1.036740 0.279752 -0.540862 0.211862 0.028619 0.267115 -0.028047 -0.270661 -1.606163
211.000000 1.037007 0.282423 -0.541122 0.209156 0.024613 0.266939 -0.024043 -0.270482 -1.602380
212.000000 1.037233 0.285091 -0.541342 0.206452 0.020612 0.266750 -0.020043 -0.270289 -1.598679
213.000000 1.037419 0.287758 -0.541523 0.203750 0.016615 0.266548 -0.016046 -0.270083 -1.595056
214.000000 1.037565 0.290422 -0.541663 0.201050 0.012622 0.266332 -0.012054 -0.269864 -1.591512
215.000000 1.037671 0.293084 -0.541764 0.198353 0.008632 0.266103 -0.008065 -0.269632 -1.588045
216.000000 1.037738 0.295744 -0.541825 0.195658 0.004646 0.265860 -0.004080 -0.269386 -1.584653
217.000000 1.037764 0.298401 -0.541846 0.192965 0.000662 0.265604 -0.000097 -0.269127 -1.581336
218.000000 1.037751 0.301056 -0.541827 0.190275 -0.003318 0.265335 0.003883 -0.268854 -1.578091
219.000000 1.037698 0.303708 -0.541768 0.187588 -0.007296 0.265053 0.007860 -0.268569 -1.574919
220.000000 1.037605 0.306357 -0.541669 0.184904 -0.011272 0.264757 0.011835 -0.268270 -1.571817
221.000000 1.037472 0.309003 -0.541531 0.182223 -0.015245 0.264449 0.015808 -0.267958 -1.568785
222.000000 1.037300 0.311646 -0.541353 0.179545 -0.019217 0.264126 0.019780 -0.267632 -1.565822
223.000000 1.037088 0.314286 -0.541136 0.176870 -0.023188 0.263791 0.023750 -0.267293 -1.562926
224.000000 1.036836 0.316922 -0.540878 0.174199 -0.027157 0.263442 0.027719 -0.266941 -1.560096
225.000000 1.036545 0.319554 -0.540581 0.171531 -0.031126 0.263079 0.031687 -0.266575 -1.557332
226.000000 1.036214 0.322183 -0.540244 0.168867 -0.035093 0.262704 0.035655 -0.266196 -1.554632
227.000000 1.035843 0.324808 -0.539868 0.166207 -0.039061 0.262314 0.039622 -0.265803 -1.551996
228.000000 1.035433 0.327430 -0.539452 0.163551 -0.043028 0.261912 0.043590 -0.265397 -1.549423
229.000000 1.034982 0.330047 -0.538996 0.160899 -0.046995 0.261496 0.047557 -0.264978 -1.546911
230.000000 1.034493 0.332659 -0.538501 0.158252 -0.050963 0.261066 0.051525 -0.264544 -1.544459
231.000000 1.033963 0.335268 -0.537966 0.155608 -0.054931 0.260622 0.055493 -0.264098 -1.542068
232.000000 1.033394 0.337872 -0.537391 0.152970 -0.058901 0.260165 0.059463 -0.263637 -1.539736
233.000000 1.032785 0.340471 -0.536777 0.150336 -0.062871 0.259695 0.063434 -0.263163 -1.537463
234.000000 1.032137 0.343066 -0.536122 0.147706 -0.066843 0.259210 0.067406 -0.262675 -1.535246
235.000000 1.031448 0.345655 -0.535428 0.145082 -0.070817 0.258712 0.071380 -0.262173 -1.533087
236.000000 1.030720 0.348240 -0.534695 0.142463 -0.074792 0.258199 0.075356 -0.261657 -1.530984
237.000000 1.029952 0.350819 -0.533921 0.139849 -0.078770 0.257673 0.079335 -0.261127 -1.528936
238.000000 1.029145 0.353393 -0.533108 0.137240 -0.082750 0.257133 0.083316 -0.260583 -1.526942
239.000000 1.028297 0.355962 -0.532255 0.134637 -0.086733 0.256578 0.087300 -0.260025 -1.525003
240.000000 1.027410 0.358525 -0.531362 0.132040 -0.090720 0.256009 0.091287 -0.259453 -1.523116
241.000000 1.026483 0.361082 -0.530429 0.129448 -0.094709 0.255426 0.095277 -0.258866 -1.521283
242.000000 1.025516 0.363633 -0.529457 0.126863 -0.098702 0.254829 0.099271 -0.258265 -1.519501
243.000000 1.024509 0.366179 -0.528444 0.124283 -0.102699 0.254217 0.103269 -0.257649 -1.517770
244.000000 1.023462 0.368718 -0.527391 0.121710 -0.106701 0.253590 0.107271 -0.257019 -1.516091
245.000000 1.022375 0.371250 -0.526298 0.119143 -0.110706 0.252949 0.111278 -0.256374 -1.514461
246.000000 1.021248 0.373777 -0.525166 0.116582 -0.114716 0.252292 0.115290 -0.255713 -1.512881
247.000000 1.020081 0.376296 -0.523993 0.114028 -0.118732 0.251621 0.119306 -0.255038 -1.511349
248.000000 1.018873 0.378809 -0.522779 0.111481 -0.122752 0.250934 0.123328 -0.254348 -1.509867
249.000000 1.017626 0.381315 -0.521526 0.108941 -0.126778 0.250233 0.127356 -0.253642 -1.508432
250.000000 1.016338 0.383814 -0.520232 0.106409 -0.130810 0.249516 0.131389 -0.252922 -1.507044
251.000000 1.015009 0.386305 -0.518898 0.103883 -0.134848 0.248783 0.135429 -0.252185 -1.505703
252.000000 1.013641 0.388789 -0.517524 0.101365 -0.138893 0.248035 0.139475 -0.251433 -1.504409
253.000000 1.012231 0.391266 -0.516109 0.098854 -0.142944 0.247271 0.143528 -0.250665 -1.503160
254.000000 1.010782 0.393735 -0.514653 0.096352 -0.147002 0.246491 0.147588 -0.249880 -1.501957
255.000000 1.009291 0.396196 -0.513157 0.093857 -0.151068 0.245694 0.151655 -0.249080 -1.500798
256.000000 1.007760 0.398648 -0.511620 0.091370 -0.155141 0.244882 0.155730 -0.248263 -1.499684
257.000000 1.006189 0.401093 -0.510042 0.088891 -0.159222 0.244053 0.159813 -0.247430 -1.498614
258.000000 1.004576 0.403529 -0.508424 0.086421 -0.163311 0.243207 0.163905 -0.246580 -1.497587
259.000000 1.002922 0.405957 -0.506764 0.083960 -0.167409 0.242344 0.168005 -0.245713 -1.496604
260.000000 1.001228 0.408376 -0.505064 0.081507 -0.171516 0.241465 0.172113 -0.244829 -1.495663
261.000000 0.999492 0.410786 -0.503322 0.079063 -0.175631 0.240568 0.176232 -0.243928 -1.494764
262.000000 0.997715 0.413188 -0.501539 0.076629 -0.179757 0.239653 0.180359 -0.243009 -1.493907
263.000000 0.995897 0.415579 -0.499715 0.074203 -0.183892 0.238721 0.184497 -0.242072 -1.493091
264.000000 0.994037 0.417962 -0.497849 0.071787 -0.188037 0.237771 0.188645 -0.241118 -1.492317
265.000000 0.992136 0.420335 -0.495942 0.069381 -0.192193 0.236803 0.192803 -0.240145 -1.491583
266.000000 0.990193 0.422698 -0.493993 0.066984 -0.196359 0.235816 0.196972 -0.239154 -1.490889
267.000000 0.988209 0.425051 -0.492003 0.064598 -0.200537 0.234811 0.201153 -0.238144 -1.490235
268.000000 0.986183 0.427394 -0.489970 0.062221 -0.204726 0.233787 0.205345 -0.237115 -1.489620
269.000000 0.984114 0.429727 -0.487896 0.059855 -0.208927 0.232743 0.209549 -0.236067 -1.489044
270.000000 0.982004 0.432049 -0.485779 0.057500 -0.213141 0.231681 0.213766 -0.234999 -1.488507
271.000000 0.979851 0.434360 -0.483620 0.055155 -0.217366 0.230598 0.217995 -0.233911 -1.488008
272.000000 0.977657 0.436661 -0.481419 0.052822 -0.221605 0.229496 0.222237 -0.232804 -1.487547
273.000000 0.975419 0.438950 -0.479176 0.050499 -0.225857 0.228373 0.226492 -0.231676 -1.487124
274.000000 0.973139 0.441228 -0.476889 0.048188 -0.230123 0.227230 0.230761 -0.230527 -1.486738
275.000000 0.970817 0.443495 -0.474560 0.045889 -0.234403 0.226065 0.235045 -0.229357 -1.486388
276.000000 0.968451 0.445750 -0.472188 0.043601 -0.238697 0.224880 0.239343 -0.228166 -1.486075
277.000000 0.966043 0.447992 -0.469773 0.041325 -0.243006 0.223672 0.243656 -0.226954 -1.485798
278.000000 0.963591 0.450223 -0.467315 0.039062 -0.247331 0.222443 0.247984 -0.225719 -1.485557
279.000000 0.961096 0.452441 -0.464814 0.036811 -0.251671 0.221192 0.252328 -0.224462 -1.485351
280.000000 0.958558 0.454647 -0.462269 0.034573 -0.256027 0.219917 0.256688 -0.223181 -1.485180
281.000000 0.955976 0.456839 -0.459680 0.032347 -0.260400 0.218620 0.261065 -0.221878 -1.485044
282.000000 0.953350 0.459019 -0.457047 0.030135 -0.264789 0.217299 0.265459 -0.220551 -1.484942
283.000000 0.950680 0.461185 -0.454371 0.027936 -0.269196 0.215954 0.269870 -0.219201 -1.484874
284.000000 0.947966 0.463338 -0.451650 0.025751 -0.273621 0.214585 0.274300 -0.217825 -1.484839
285.000000 0.945207 0.465477 -0.448885 0.023580 -0.278064 0.213191 0.278747 -0.216425 -1.484837
286.000000 0.942404 0.467602 -0.446075 0.021423 -0.282526 0.211772 0.283214 -0.214999 -1.484868
287.000000 0.939557 0.469712 -0.443221 0.019280 -0.287007 0.210327 0.287700 -0.213548 -1.484932
288.000000 0.936664 0.471808 -0.440321 0.017152 -0.291508 0.208856 0.292206 -0.212070 -1.485027
289.000000 0.933727 0.473889 -0.437376 0.015038 -0.296029 0.207358 0.296732 -0.210566 -1.485154
290.000000 0.930744 0.475955 -0.434386 0.012940 -0.300570 0.205833 0.301279 -0.209034 -1.485312
291.000000 0.927715 0.478006 -0.431351 0.010858 -0.305133 0.204281 0.305847 -0.207474 -1.485501
292.000000 0.924641 0.480041 -0.428270 0.008791 -0.309718 0.202700 0.310437 -0.205886 -1.485719
293.000000 0.921521 0.482060 -0.425142 0.006740 -0.314324 0.201090 0.315049 -0.204268 -1.485968
294.000000 0.918354 0.484063 -0.421969 0.004706 -0.318954 0.199450 0.319685 -0.202621 -1.486246
295.000000 0.915142 0.486049 -0.418748 0.002688 -0.323607 0.197781 0.324344 -0.200944 -1.486553
296.000000 0.911882 0.488018 -0.415482 0.000687 -0.328284 0.196080 0.329026 -0.199236 -1.486888
297.000000 0.908576 0.489970 -0.412168 -0.001297 -0.332985 0.194349 0.333734 -0.197496 -1.487251
298.000000 0.905222 0.491905 -0.408807 -0.003263 -0.337712 0.192585 0.338467 -0.195724 -1.487642
299.000000 0.901821 0.493822 -0.405399 -0.005212 -0.342464 0.190788 0.343226 -0.193919 -1.488059
300.000000 0.898373 0.495721 -0.401942 -0.007142 -0.347242 0.188958 0.348011 -0.192081 -1.488503
301.000000 0.894877 0.497601 -0.398438 -0.009053 -0.352048 0.187094 0.352823 -0.190207 -1.488973
302.000000 0.891332 0.499463 -0.394886 -0.010946 -0.356881 0.185194 0.357663 -0.188299 -1.489467
303.000000 0.887739 0.501305 -0.391285 -0.012819 -0.361742 0.183259 0.362531 -0.186355 -1.489987
304.000000 0.884097 0.503128 -0.387635 -0.014673 -0.366632 0.181287 0.367429 -0.184373 -1.490530
305.000000 0.880406 0.504931 -0.383937 -0.016507 -0.371552 0.179278 0.372356 -0.182354 -1.491096
306.000000 0.876666 0.506713 -0.380188 -0.018320 -0.376502 0.177229 0.377314 -0.180296 -1.491685
307.000000 0.872876 0.508475 -0.376390 -0.020112 -0.381483 0.175142 0.382303 -0.178198 -1.492296
308.000000 0.869036 0.510216 -0.372542 -0.021884 -0.386497 0.173014 0.387325 -0.176060 -1.492928
309.000000 0.865146 0.511935 -0.368644 -0.023634 -0.391542 0.170845 0.392379 -0.173880 -1.493580
310.000000 0.861205 0.513633 -0.364695 -0.025361 -0.396621 0.168633 0.397466 -0.171657 -1.494252
311.000000 0.857214 0.515308 -0.360694 -0.027067 -0.401735 0.166378 0.402588 -0.169391 -1.494943
312.000000 0.853170 0.516960 -0.356643 -0.028749 -0.406883 0.164077 0.407745 -0.167079 -1.495651
313.000000 0.849076 0.518589 -0.352540 -0.030408 -0.412067 0.161732 0.412939 -0.164722 -1.496376
314.000000 0.844929 0.520195 -0.348384 -0.032044 -0.417288 0.159339 0.418169 -0.162317 -1.497118
315.000000 0.840730 0.521776 -0.344176 -0.033655 -0.422547 0.156897 0.423437 -0.159863 -1.497874
316.000000 0.836478 0.523332 -0.339915 -0.035241 -0.427844 0.154406 0.428744 -0.157359 -1.498644
317.000000 0.832173 0.524864 -0.335601 -0.036802 -0.433181 0.151864 0.434091 -0.154804 -1.499426
318.000000 0.827814 0.526370 -0.331234 -0.038337 -0.438558 0.149269 0.439478 -0.152196 -1.500221
319.000000 0.823402 0.527849 -0.326812 -0.039846 -0.443976 0.146621 0.444907 -0.149533 -1.501025
320.000000 0.818935 0.529302 -0.322335 -0.041328 -0.449438 0.143917 0.450379 -0.146815 -1.501839
321.000000 0.814413 0.530727 -0.317804 -0.042782 -0.454942 0.141155 0.455895 -0.144039 -1.502660
322.000000 0.809836 0.532125 -0.313217 -0.044209 -0.460492 0.138335 0.461456 -0.141203 -1.503488
323.000000 0.805203 0.533494 -0.308575 -0.045606 -0.466087 0.135454 0.467063 -0.138307 -1.504320
324.000000 0.800514 0.534834 -0.303876 -0.046975 -0.471729 0.132511 0.472717 -0.135348 -1.505156
325.000000 0.795768 0.536144 -0.299121 -0.048313 -0.477420 0.129504 0.478419 -0.132323 -1.505993
326.000000 0.790965 0.537424 -0.294308 -0.049621 -0.483159 0.126430 0.484172 -0.129232 -1.506830
327.000000 0.786105 0.538672 -0.289437 -0.050898 -0.488950 0.123287 0.489975 -0.126072 -1.507665
328.000000 0.781186 0.539889 -0.284508 -0.052143 -0.494792 0.120074 0.495830 -0.122841 -1.508495
329.000000 0.776209 0.541074 -0.279521 -0.053355 -0.500687 0.116788 0.501739 -0.119536 -1.509320
330.000000 0.771172 0.542225 -0.274474 -0.054533 -0.506637 0.113426 0.507703 -0.116155 -1.510136
331.000000 0.766076 0.543342 -0.269367 -0.055678 -0.512643 0.109987 0.513724 -0.112695 -1.510942
332.000000 0.760919 0.544424 -0.264199 -0.056787 -0.518707 0.106467 0.519802 -0.109155 -1.511735
333.000000 0.755702 0.545471 -0.258971 -0.057861 -0.524830 0.102864 0.525940 -0.105530 -1.512513
334.000000 0.750423 0.546481 -0.253680 -0.058898 -0.531013 0.099174 0.532138 -0.101818 -1.513272
335.000000 0.745081 0.547454 -0.248328 -0.059897 -0.537259 0.095396 0.538400 -0.098017 -1.514010
336.000000 0.739677 0.548389 -0.242912 -0.060858 -0.543568 0.091525 0.544725 -0.094122 -1.514725
337.000000 0.734210 0.549285 -0.237433 -0.061780 -0.549943 0.087558 0.551117 -0.090130 -1.515412
338.000000 0.728678 0.550140 -0.231890 -0.062661 -0.556385 0.083492 0.557577 -0.086038 -1.516068
339.000000 0.723082 0.550954 -0.226282 -0.063500 -0.562897 0.079323 0.564106 -0.081842 -1.516691
340.000000 0.717420 0.551726 -0.220608 -0.064298 -0.569480 0.075047 0.570707 -0.077539 -1.517276
341.000000 0.711692 0.552455 -0.214868 -0.065051 -0.576136 0.070660 0.577381 -0.073123 -1.517818
342.000000 0.705897 0.553139 -0.209060 -0.065760 -0.582866 0.066157 0.584131 -0.068590 -1.518315
343.000000 0.700035 0.553778 -0.203185 -0.066423 -0.589675 0.061535 0.590959 -0.063937 -1.518762
344.000000 0.694104 0.554369 -0.197241 -0.067039 -0.596562 0.056788 0.597867 -0.059157 -1.519153
345.000000 0.688103 0.554913 -0.191228 -0.067606 -0.603531 0.051910 0.604856 -0.054246 -1.519484
346.000000 0.682033 0.555407 -0.185144 -0.068124 -0.610584 0.046898 0.611931 -0.049199 -1.519749
347.000000 0.675891 0.555851 -0.178989 -0.068590 -0.617723 0.041744 0.619092 -0.044009 -1.519943
348.000000 0.669678 0.556242 -0.172762 -0.069004 -0.624951 0.036444 0.626342 -0.038670 -1.520060
349.000000 0.663392 0.556579 -0.166462 -0.069363 -0.632270 0.030990 0.633685 -0.033176 -1.520093
350.000000 0.657032 0.556861 -0.160088 -0.069667 -0.639683 0.025375 0.641122 -0.027519 -1.520036
351.000000 0.650598 0.557086 -0.153640 -0.069914 -0.647193 0.019593 0.648656 -0.021694 -1.519881
352.000000 0.644088 0.557253 -0.147115 -0.070101 -0.654802 0.013636 0.656290 -0.015690 -1.519621
353.000000 0.637502 0.557359 -0.140514 -0.070228 -0.662513 0.007495 0.664028 -0.009502 -1.519247
354.000000 0.630838 0.557402 -0.133835 -0.070291 -0.670330 0.001162 0.671872 -0.003119 -1.518751
355.000000 0.624095 0.557381 -0.127077 -0.070290 -0.678255 -0.005372 0.679824 0.003469 -1.518124
356.000000 0.617272 0.557294 -0.120238 -0.070222 -0.686292 -0.012118 0.687890 0.010270 -1.517355
357.000000 0.610369 0.557138 -0.113319 -0.070085 -0.694443 -0.019086 0.696070 0.017296 -1.516434
358.000000 0.603383 0.556912 -0.106317 -0.069876 -0.702713 -0.026287 0.704370 0.024558 -1.515350
359.000000 0.596314 0.556612 -0.099231 -0.069593 -0.711105 -0.033734 0.712793 0.032069 -1.514091
360.000000 0.589161 0.556236 -0.092061 -0.069235 -0.719621 -0.041439 0.721341 0.039843 -1.512643
361.000000 0.581922 0.555783 -0.084804 -0.068797 -0.728267 -0.049417 0.730020 0.047892 -1.510993
362.000000 0.574595 0.555247 -0.077461 -0.068277 -0.737045 -0.057682 0.738831 0.056233 -1.509126
363.000000 0.567180 0.554628 -0.070028 -0.067672 -0.745959 -0.066251 0.747780 0.064882 -1.507025
364.000000 0.559676 0.553922 -0.062505 -0.066979 -0.755013 -0.075142 0.756870 0.073857 -1.504675
365.000000 0.552080 0.553124 -0.054890 -0.066195 -0.764212 -0.084372 0.766105 0.083177 -1.502057
366.000000 0.544391 0.552233 -0.047183 -0.065316 -0.773558 -0.093963 0.775489 0.092863 -1.499150
367.000000 0.536608 0.551244 -0.039381 -0.064338 -0.783055 -0.103936 0.785025 0.102938 -1.495933
368.000000 0.528730 0.550154 -0.031482 -0.063257 -0.792709 -0.114315 0.794717 0.113425 -1.492384
369.000000 0.520754 0.548957 -0.023486 -0.062069 -0.802521 -0.125127 0.804570 0.124351 -1.488477
370.000000 0.512679 0.547650 -0.015391 -0.060770 -0.812497 -0.136399 0.814587 0.135745 -1.484185
371.000000 0.504503 0.546228 -0.007195 -0.059354 -0.822639 -0.148162 0.824770 0.147639 -1.479480
372.000000 0.496226 0.544685 0.001104 -0.057817 -0.832950 -0.160450 0.835124 0.160067 -1.474330
373.000000 0.487844 0.543017 0.009508 -0.056153 -0.843434 -0.173300 0.845651 0.173067 -1.468700
374.000000 0.479356 0.541218 0.018017 -0.054356 -0.854092 -0.186751 0.856353 0.186679 -1.462553
375.000000 0.470762 0.539281 0.026635 -0.052419 -0.864927 -0.200849 0.867232 0.200950 -1.455849
376.000000 0.462057 0.537199 0.035362 -0.050337 -0.875940 -0.215641 0.878288 0.215928 -1.448542
377.000000 0.453242 0.534966 0.044201 -0.048101 -0.887129 -0.231182 0.889521 0.231670 -1.440583
378.000000 0.444314 0.532573 0.053153 -0.045703 -0.898495 -0.247531 0.900929 0.248236 -1.431921
379.000000 0.435272 0.530013 0.062219 -0.043136 -0.910034 -0.264753 0.912509 0.265693 -1.422495
380.000000 0.426113 0.527276 0.071403 -0.040389 -0.921740 -0.282921 0.924255 0.284117 -1.412241
381.000000 0.416837 0.524352 0.080704 -0.037454 -0.933606 -0.302117 0.936157 0.303592 -1.401087
382.000000 0.407441 0.521231 0.090126 -0.034318 -0.945622 -0.322431 0.948205 0.324209 -1.388955
383.000000 0.397924 0.517901 0.099668 -0.030969 -0.957771 -0.343966 0.960382 0.346075 -1.375758
384.000000 0.388285 0.514348 0.109333 -0.027396 -0.970033 -0.366833 0.972664 0.369306 -1.361397
385.000000 0.378523 0.510560 0.119122 -0.023583 -0.982381 -0.391162 0.985024 0.394034 -1.345765
386.000000 0.368637 0.506521 0.129034 -0.019515 -0.994779 -0.417097 0.997421 0.420408 -1.328741
387.000000 0.358628 0.502214 0.139070 -0.015175 -1.007180 -0.444800 1.009807 0.448597 -1.310188
388.000000 0.348494 0.497620 0.149230 -0.010543 -1.019524 -0.474457 1.022117 0.478791 -1.289957
389.000000 0.338237 0.492719 0.159513 -0.005599 -1.031734 -0.506278 1.034266 0.511207 -1.267876
390.000000 0.327860 0.487489 0.169915 -0.000319 -1.043708 -0.540501 1.046147 0.546094 -1.243754
391.000000 0.317364 0.481903 0.180435 0.005323 -1.055316 -0.577398 1.057621 0.583732 -1.217376
392.000000 0.306755 0.475933 0.191068 0.011355 -1.066390 -0.617282 1.068508 0.624444 -1.188499
393.000000 0.296038 0.469549 0.201806 0.017811 -1.076715 -0.660506 1.078573 0.668596 -1.156851
394.000000 0.285223 0.462714 0.212639 0.024727 -1.086006 -0.707476 1.087516 0.716608 -1.122126
395.000000 0.274322 0.455389 0.223556 0.032144 -1.093899 -0.758652 1.094940 0.768954 -1.083986
396.000000 0.263350 0.447529 0.234538 0.040106 -1.099914 -0.814556 1.100331 0.826171 -1.042054
397.000000 0.252330 0.439085 0.245563 0.048667 -1.103425 -0.875770 1.103014 0.888857 -0.995923
398.000000 0.241290 0.429999 0.256598 0.057883 -1.103608 -0.942936 1.102100 0.957662 -0.945163
399.000000 0.230268 0.420210 0.267605 0.067820 -1.099380 -1.016740 1.096423 1.033276 -0.889335
400.000000 0.219317 0.409646 0.278527 0.078549 -1.089317 -1.097878 1.084448 1.116378 -0.828029
401.000000 0.208501 0.398232 0.289294 0.090148 -1.071547 -1.186988 1.064165 1.207561 -0.760922
402.000000 0.197911 0.385886 0.299810 0.102700 -1.043638 -1.284524 1.032972 1.307178 -0.687874
403.000000 0.187661 0.372521 0.309953 0.116291 -1.002471 -1.390541 0.987565 1.415098 -0.609089
404.000000 0.177904 0.358056 0.319561 0.131002 -0.944171 -1.504345 0.923894 1.530307 -0.525363
405.000000 0.168832 0.342420 0.328431 0.146898 -0.864163 -1.623964 0.837306 1.650344 -0.438461
406.000000 0.160686 0.325572 0.336308 0.164009 -0.757551 -1.745461 0.723053 1.770596 -0.351661
407.000000 0.153757 0.307523 0.342892 0.182309 -0.620034 -1.862217 0.577402 1.883688 -0.270494
408.000000 0.148367 0.288365 0.347856 0.201683 -0.449572 -1.964620 0.399439 1.979453 -0.203540
409.000000 0.144841 0.268297 0.350881 0.221899 -0.248576 -2.040885 0.193151 2.046198 -0.162709
410.000000 0.143448 0.247642 0.351719 0.242607 -0.025651 -2.079606 -0.031373 2.073609 -0.161875
411.000000 0.144344 0.226818 0.350253 0.263371 0.204781 -2.073615 -0.259107 2.056411 -0.212956
412.000000 0.147517 0.206282 0.346536 0.283735 0.425838 -2.023082 -0.473839 1.996668 -0.320936
413.000000 0.152797 0.186449 0.340776 0.303304 0.623075 -1.935582 -0.662682 1.903027 -0.481536
414.000000 0.159895 0.167632 0.333283 0.321796 0.787989 -1.823018 -0.818773 1.787427 -0.683602
415.000000 0.168469 0.150019 0.324401 0.339053 0.918487 -1.697636 -0.941173 1.661476 -0.914024
416.000000 0.178183 0.133685 0.314459 0.355025 1.017101 -1.569316 -1.032957 1.534224 -1.161699
417.000000 0.188742 0.118622 0.303742 0.369737 1.088647 -1.444720 -1.099048 1.411613 -1.419142
418.000000 0.199902 0.104770 0.292478 0.383257 1.138464 -1.327647 -1.144652 1.296929 -1.682334
419.000000 0.211469 0.092045 0.280849 0.395676 1.171444 -1.219834 -1.174448 1.191590 -1.949890
420.000000 0.223299 0.080349 0.268989 0.407089 1.191663 -1.121711 -1.192291 1.095848 -2.222200
421.000000 0.235279 0.069587 0.257003 0.417593 1.202344 -1.032971 -1.201215 1.009309 -2.500795
422.000000 0.247328 0.059668 0.244965 0.427275 1.205960 -0.952940 -1.203540 0.931266 -2.787950
423.000000 0.259385 0.050508 0.232932 0.436218 1.204377 -0.880797 -1.201013 0.860896 -3.086477
424.000000 0.271406 0.042034 0.220945 0.444493 1.198992 -0.815699 -1.194943 0.797368 -3.399640
425.000000 0.283358 0.034178 0.209033 0.452165 1.190846 -0.756847 -1.186306 0.739899 -3.731164
426.000000 0.295218 0.026883 0.197219 0.459291 1.180715 -0.703509 -1.175827 0.687781 -4.085303
427.000000 0.306969 0.020096 0.185517 0.465921 1.169179 -0.655033 -1.164050 0.640380 -4.466958
428.000000 0.318599 0.013772 0.173938 0.472099 1.156668 -0.610847 -1.151379 0.597144 -4.881842
429.000000 0.330101 0.007870 0.162489 0.477864 1.143508 -0.570450 -1.138119 0.557587 -5.336688
430.000000 0.341468 0.002354 0.151175 0.483251 1.129939 -0.533408 -1.124495 0.521291 -5.839524
431.000000 0.352699 -0.002806 0.139999 0.488290 1.116144 -0.499344 -1.110679 0.487889 -6.399986
432.000000 0.363791 -0.007639 0.128962 0.493008 1.102259 -0.467929 -1.096797 0.457067 -7.029703
433.000000 0.374744 -0.012170 0.118063 0.497431 1.088385 -0.438880 -1.082945 0.428548 -7.742693
434.000000 0.385559 -0.016422 0.107303 0.501579 1.074597 -0.411949 -1.069194 0.402092 -8.555711
435.000000 0.396237 -0.020414 0.096679 0.505473 1.060951 -0.386920 -1.055594 0.377492 -9.488320
436.000000 0.406779 -0.024165 0.086191 0.509129 1.047488 -0.363604 -1.042184 0.354563 -10.562206
437.000000 0.417187 -0.027690 0.075836 0.512564 1.034236 -0.341836 -1.028991 0.333145 -11.798686
438.000000 0.427464 -0.031005 0.065611 0.515792 1.021217 -0.321469 -1.016033 0.313096 -13.212310
439.000000 0.437612 -0.034123 0.055515 0.518826 1.008443 -0.302375 -1.003323 0.294292 -14.796971
440.000000 0.447633 -0.037055 0.045545 0.521678 0.995923 -0.284440 -0.990867 0.276622 -16.500121
441.000000 0.457531 -0.039814 0.035698 0.524358 0.983661 -0.267564 -0.978670 0.259988 -18.185904
442.000000 0.467307 -0.042409 0.025971 0.526878 0.971658 -0.251656 -0.966733 0.244302 -19.609763
443.000000 0.476965 -0.044849 0.016363 0.529244 0.959914 -0.236637 -0.955053 0.229487 -20.462189
444.000000 0.486506 -0.047144 0.006870 0.531467 0.948426 -0.222435 -0.943628 0.215473 -20.519998
445.000000 0.495934 -0.049300 -0.002509 0.533554 0.937190 -0.208985 -0.932453 0.202198 -19.801150
446.000000 0.505251 -0.051325 -0.011779 0.535511 0.926201 -0.196231 -0.921525 0.189604 -18.546055
447.000000 0.514459 -0.053226 -0.020940 0.537346 0.915454 -0.184119 -0.910836 0.177641 -17.051610
448.000000 0.523560 -0.055009 -0.029995 0.539064 0.904942 -0.172603 -0.900381 0.166263 -15.539995
449.000000 0.532558 -0.056680 -0.038948 0.540671 0.894659 -0.161640 -0.890154 0.155429 -14.131673
450.000000 0.541454 -0.058243 -0.047799 0.542173 0.884599 -0.151192 -0.880148 0.145100 -12.873388
451.000000 0.550250 -0.059705 -0.056551 0.543573 0.874755 -0.141223 -0.870357 0.135243 -11.771511
452.000000 0.558950 -0.061069 -0.065206 0.544878 0.865121 -0.131701 -0.860773 0.125826 -10.814370
453.000000 0.567553 -0.062340 -0.073766 0.546090 0.855689 -0.122598 -0.851391 0.116820 -9.984170
454.000000 0.576064 -0.063522 -0.082234 0.547214 0.846454 -0.113885 -0.842203 0.108199 -9.262539
455.000000 0.584483 -0.064618 -0.090610 0.548254 0.837410 -0.105539 -0.833205 0.099939 -8.632751
456.000000 0.592813 -0.065633 -0.098898 0.549213 0.828549 -0.097538 -0.824388 0.092018 -8.080395
457.000000 0.601054 -0.066570 -0.107098 0.550094 0.819867 -0.089859 -0.815749 0.084416 -7.593377
458.000000 0.609210 -0.067431 -0.115213 0.550901 0.811356 -0.082485 -0.807280 0.077114 -7.161662
459.000000 0.617282 -0.068220 -0.123243 0.551636 0.803013 -0.075398 -0.798976 0.070094 -6.776966
460.000000 0.625271 -0.068940 -0.131192 0.552303 0.794830 -0.068581 -0.790833 0.063341 -6.432447
461.000000 0.633179 -0.069593 -0.139060 0.552903 0.786803 -0.062020 -0.782843 0.056840 -6.122442
462.000000 0.641007 -0.070181 -0.146849 0.553440 0.778927 -0.055700 -0.775004 0.050577 -5.842244
463.000000 0.648758 -0.070707 -0.154560 0.553915 0.771197 -0.049608 -0.767309 0.044539 -5.587925
464.000000 0.656432 -0.071174 -0.162195 0.554331 0.763608 -0.043733 -0.759753 0.038715 -5.356189
465.000000 0.664030 -0.071582 -0.169755 0.554689 0.756155 -0.038062 -0.752334 0.033094 -5.144254
466.000000 0.671555 -0.071935 -0.177242 0.554992 0.748835 -0.032587 -0.745045 0.027664 -4.949765
467.000000 0.679007 -0.072235 -0.184656 0.555242 0.741642 -0.027296 -0.737884 0.022418 -4.770714
468.000000 0.686388 -0.072482 -0.192000 0.555441 0.734574 -0.022182 -0.730846 0.017345 -4.605380
469.000000 0.693699 -0.072679 -0.199273 0.555589 0.727626 -0.017234 -0.723926 0.012437 -4.452284
470.000000 0.700941 -0.072827 -0.206478 0.555689 0.720794 -0.012446 -0.717123 0.007687 -4.310146
471.000000 0.708115 -0.072928 -0.213616 0.555743 0.714075 -0.007810 -0.710431 0.003087 -4.177856
472.000000 0.715223 -0.072983 -0.220687 0.555751 0.707465 -0.003319 -0.703848 -0.001369 -4.054446
473.000000 0.722265 -0.072995 -0.227692 0.555716 0.700962 0.001034 -0.697370 -0.005689 -3.939067
474.000000 0.729242 -0.072963 -0.234634 0.555637 0.694561 0.005254 -0.690994 -0.009878 -3.830975
475.000000 0.736156 -0.072890 -0.241512 0.555518 0.688260 0.009349 -0.684718 -0.013942 -3.729512
476.000000 0.743008 -0.072776 -0.248328 0.555359 0.682056 0.013322 -0.678537 -0.017887 -3.634097
477.000000 0.749798 -0.072624 -0.255083 0.555160 0.675947 0.017180 -0.672450 -0.021717 -3.544214
478.000000 0.756527 -0.072433 -0.261777 0.554924 0.669928 0.020927 -0.666454 -0.025437 -3.459401
479.000000 0.763196 -0.072206 -0.268412 0.554652 0.663998 0.024568 -0.660546 -0.029052 -3.379248
480.000000 0.769807 -0.071942 -0.274988 0.554343 0.658155 0.028106 -0.654723 -0.032567 -3.303387
481.000000 0.776360 -0.071644 -0.281507 0.554000 0.652395 0.031547 -0.648984 -0.035984 -3.231487
482.000000 0.782855 -0.071311 -0.287968 0.553624 0.646717 0.034894 -0.643325 -0.039309 -3.163249
483.000000 0.789294 -0.070946 -0.294373 0.553214 0.641118 0.038151 -0.637746 -0.042544 -3.098404
484.000000 0.795678 -0.070549 -0.300723 0.552773 0.635596 0.041321 -0.632242 -0.045693 -3.036708
485.000000 0.802006 -0.070120 -0.307018 0.552300 0.630150 0.044408 -0.626814 -0.048760 -2.977940
486.000000 0.808281 -0.069661 -0.313259 0.551797 0.624776 0.047414 -0.621458 -0.051747 -2.921899
487.000000 0.814502 -0.069172 -0.319447 0.551265 0.619473 0.050343 -0.616172 -0.054657 -2.868402
488.000000 0.820671 -0.068654 -0.325583 0.550704 0.614240 0.053198 -0.610956 -0.057494 -2.817281
489.000000 0.826787 -0.068108 -0.331666 0.550115 0.609073 0.055981 -0.605806 -0.060259 -2.768383
490.000000 0.832852 -0.067534 -0.337699 0.549499 0.603973 0.058695 -0.600721 -0.062956 -2.721568
491.000000 0.838867 -0.066934 -0.343681 0.548856 0.598936 0.061341 -0.595700 -0.065587 -2.676706
492.000000 0.844831 -0.066308 -0.349613 0.548187 0.593962 0.063924 -0.590741 -0.068154 -2.633680
493.000000 0.850746 -0.065656 -0.355496 0.547493 0.589049 0.066444 -0.585843 -0.070659 -2.592380
494.000000 0.856612 -0.064979 -0.361330 0.546774 0.584195 0.068904 -0.581003 -0.073105 -2.552706
495.000000 0.862430 -0.064278 -0.367116 0.546031 0.579399 0.071306 -0.576221 -0.075492 -2.514563
496.000000 0.868200 -0.063553 -0.372854 0.545264 0.574659 0.073652 -0.571495 -0.077825 -2.477867
497.000000 0.873923 -0.062805 -0.378545 0.544475 0.569974 0.075943 -0.566824 -0.080103 -2.442538
498.000000 0.879600 -0.062034 -0.384191 0.543662 0.565344 0.078182 -0.562206 -0.082329 -2.408500
499.000000 0.885230 -0.061241 -0.389790 0.542828 0.560765 0.080370 -0.557640 -0.084505 -2.375686
500.000000 0.890815 -0.060427 -0.395343 0.541972 0.556238 0.082509 -0.553126 -0.086632 -2.344030
501.000000 0.896355 -0.059591 -0.400852 0.541095 0.551761 0.084600 -0.548661 -0.088711 -2.313475
502.000000 0.901851 -0.058735 -0.406317 0.540198 0.547332 0.086645 -0.544244 -0.090745 -2.283963
503.000000 0.907302 -0.057859 -0.411737 0.539281 0.542952 0.088645 -0.539875 -0.092734 -2.255443
504.000000 0.912710 -0.056962 -0.417114 0.538343 0.538618 0.090601 -0.535553 -0.094680 -2.227866
505.000000 0.918075 -0.056047 -0.422448 0.537387 0.534330 0.092516 -0.531276 -0.096584 -2.201187
506.000000 0.923397 -0.055112 -0.427740 0.536412 0.530086 0.094389 -0.527043 -0.098448 -2.175362
507.000000 0.928676 -0.054159 -0.432989 0.535418 0.525886 0.096223 -0.522853 -0.100272 -2.150353
508.000000 0.933914 -0.053188 -0.438197 0.534406 0.521729 0.098018 -0.518706 -0.102057 -2.126122
509.000000 0.939111 -0.052199 -0.443363 0.533377 0.517613 0.099776 -0.514601 -0.103806 -2.102632
510.000000 0.944267 -0.051192 -0.448489 0.532330 0.513538 0.101497 -0.510536 -0.105518 -2.079852
511.000000 0.949382 -0.050169 -0.453574 0.531266 0.509503 0.103183 -0.506511 -0.107196 -2.057749
512.000000 0.954457 -0.049129 -0.458619 0.530186 0.505508 0.104834 -0.502525 -0.108839 -2.036295
513.000000 0.959492 -0.048072 -0.463624 0.529090 0.501550 0.106453 -0.498576 -0.110449 -2.015462
514.000000 0.964488 -0.047000 -0.468590 0.527977 0.497630 0.108038 -0.494666 -0.112027 -1.995223
515.000000 0.969445 -0.045912 -0.473518 0.526849 0.493747 0.109592 -0.490791 -0.113573 -1.975554
516.000000 0.974363 -0.044808 -0.478406 0.525706 0.489899 0.111115 -0.486952 -0.115088 -1.956431
517.000000 0.979243 -0.043689 -0.483257 0.524547 0.486087 0.112608 -0.483149 -0.116574 -1.937832
518.000000 0.984085 -0.042556 -0.488069 0.523374 0.482309 0.114072 -0.479379 -0.118031 -1.919737
519.000000 0.988889 -0.041408 -0.492844 0.522187 0.478565 0.115508 -0.475644 -0.119460 -1.902125
520.000000 0.993656 -0.040246 -0.497582 0.520985 0.474854 0.116916 -0.471941 -0.120861 -1.884978
521.000000 0.998386 -0.039070 -0.502283 0.519770 0.471176 0.118296 -0.468270 -0.122235 -1.868278
522.000000 1.003080 -0.037880 -0.506947 0.518540 0.467529 0.119651 -0.464632 -0.123583 -1.852008
523.000000 1.007737 -0.036677 -0.511576 0.517298 0.463914 0.120979 -0.461024 -0.124905 -1.836151
524.000000 1.012358 -0.035460 -0.516168 0.516042 0.460329 0.122283 -0.457446 -0.126203 -1.820693
525.000000 1.016944 -0.034231 -0.520725 0.514774 0.456774 0.123562 -0.453899 -0.127476 -1.805619
526.000000 1.021494 -0.032989 -0.525246 0.513493 0.453249 0.124818 -0.450381 -0.128726 -1.790915
527.000000 1.026009 -0.031735 -0.529732 0.512199 0.449752 0.126050 -0.446891 -0.129952 -1.776568
528.000000 1.030489 -0.030468 -0.534184 0.510894 0.446284 0.127260 -0.443430 -0.131156 -1.762565
529.000000 1.034934 -0.029190 -0.538601 0.509576 0.442843 0.128447 -0.439996 -0.132338 -1.748894
530.000000 1.039346 -0.027899 -0.542984 0.508247 0.439430 0.129613 -0.436589 -0.133499 -1.735545
531.000000 1.043723 -0.026598 -0.547333 0.506906 0.436044 0.130757 -0.433209 -0.134638 -1.722505
532.000000 1.048067 -0.025284 -0.551648 0.505554 0.432683 0.131881 -0.429856 -0.135757 -1.709765
533.000000 1.052377 -0.023960 -0.555930 0.504191 0.429349 0.132984 -0.426527 -0.136855 -1.697315
534.000000 1.056654 -0.022625 -0.560178 0.502817 0.426040 0.134068 -0.423224 -0.137934 -1.685145
535.000000 1.060898 -0.021279 -0.564394 0.501432 0.422755 0.135133 -0.419946 -0.138994 -1.673246
536.000000 1.065109 -0.019922 -0.568577 0.500037 0.419495 0.136179 -0.416692 -0.140035 -1.661609
537.000000 1.069288 -0.018555 -0.572728 0.498632 0.416259 0.137206 -0.413462 -0.141058 -1.650226
538.000000 1.073434 -0.017178 -0.576847 0.497216 0.413047 0.138215 -0.410255 -0.142063 -1.639089
539.000000 1.077549 -0.015791 -0.580933 0.495790 0.409858 0.139207 -0.407072 -0.143050 -1.628190
540.000000 1.081631 -0.014394 -0.584988 0.494355 0.406691 0.140181 -0.403911 -0.144020 -1.617522
541.000000 1.085683 -0.012987 -0.589011 0.492910 0.403547 0.141138 -0.400772 -0.144973 -1.607079
542.000000 1.089702 -0.011571 -0.593003 0.491456 0.400424 0.142079 -0.397655 -0.145910 -1.596852
543.000000 1.093691 -0.010146 -0.596964 0.489992 0.397324 0.143004 -0.394559 -0.146831 -1.586836
544.000000 1.097649 -0.008711 -0.600895 0.488519 0.394244 0.143912 -0.391485 -0.147735 -1.577025
545.000000 1.101576 -0.007268 -0.604794 0.487037 0.391185 0.144805 -0.388431 -0.148625 -1.567412
546.000000 1.105473 -0.005815 -0.608663 0.485546 0.388147 0.145683 -0.385398 -0.149499 -1.557992
547.000000 1.109339 -0.004354 -0.612502 0.484047 0.385129 0.146546 -0.382385 -0.150358 -1.548759
548.000000 1.113175 -0.002884 -0.616311 0.482539 0.382130 0.147394 -0.379391 -0.151203 -1.539709
549.000000 1.116982 -0.001406 -0.620090 0.481023 0.379151 0.148228 -0.376417 -0.152033 -1.530835
550.000000 1.120758 0.000080 -0.623839 0.479499 0.376191 0.149048 -0.373462 -0.152850 -1.522133
551.000000 1.124506 0.001575 -0.627559 0.477966 0.373250 0.149854 -0.370525 -0.153652 -1.513598
552.000000 1.128223 0.003077 -0.631250 0.476426 0.370328 0.150647 -0.367607 -0.154441 -1.505225
553.000000 1.131912 0.004588 -0.634911 0.474877 0.367424 0.151426 -0.364708 -0.155217 -1.497011
554.000000 1.135572 0.006106 -0.638544 0.473321 0.364537 0.152192 -0.361826 -0.155980 -1.488951
555.000000 1.139203 0.007632 -0.642148 0.471758 0.361669 0.152946 -0.358961 -0.156731 -1.481041
556.000000 1.142805 0.009165 -0.645723 0.470187 0.358817 0.153687 -0.356114 -0.157469 -1.473277
557.000000 1.146379 0.010705 -0.649270 0.468608 0.355983 0.154415 -0.353284 -0.158194 -1.465655
558.000000 1.149925 0.012253 -0.652789 0.467023 0.353165 0.155132 -0.350470 -0.158908 -1.458171
559.000000 1.153443 0.013808 -0.656279 0.465430 0.350364 0.155837 -0.347674 -0.159610 -1.450823
560.000000 1.156932 0.015370 -0.659742 0.463831 0.347580 0.156530 -0.344893 -0.160300 -1.443606
561.000000 1.160394 0.016938 -0.663177 0.462224 0.344811 0.157211 -0.342128 -0.160979 -1.436517
562.000000 1.163829 0.018514 -0.666585 0.460611 0.342058 0.157882 -0.339379 -0.161646 -1.429554
563.000000 1.167236 0.020096 -0.669965 0.458991 0.339320 0.158541 -0.336645 -0.162303 -1.422712
564.000000 1.170615 0.021685 -0.673318 0.457365 0.336598 0.159190 -0.333927 -0.162949 -1.415989
565.000000 1.173968 0.023280 -0.676643 0.455732 0.333891 0.159828 -0.331223 -0.163584 -1.409383
566.000000 1.177293 0.024881 -0.679942 0.454093 0.331199 0.160455 -0.328534 -0.164209 -1.402889
567.000000 1.180592 0.026489 -0.683214 0.452448 0.328521 0.161072 -0.325860 -0.164824 -1.396507
568.000000 1.183863 0.028103 -0.686459 0.450797 0.325857 0.161679 -0.323200 -0.165428 -1.390232
569.000000 1.187109 0.029722 -0.689678 0.449139 0.323208 0.162276 -0.320554 -0.166023 -1.384063
570.000000 1.190328 0.031348 -0.692870 0.447476 0.320572 0.162864 -0.317922 -0.166608 -1.377997
571.000000 1.193520 0.032980 -0.696037 0.445807 0.317951 0.163441 -0.315304 -0.167183 -1.372031
572.000000 1.196687 0.034617 -0.699177 0.444133 0.315343 0.164010 -0.312699 -0.167749 -1.366164
573.000000 1.199827 0.036260 -0.702291 0.442452 0.312748 0.164569 -0.310107 -0.168306 -1.360393
574.000000 1.202942 0.037908 -0.705379 0.440766 0.310166 0.165118 -0.307529 -0.168853 -1.354716
575.000000 1.206030 0.039562 -0.708441 0.439075 0.307597 0.165659 -0.304963 -0.169392 -1.349131
576.000000 1.209094 0.041221 -0.711478 0.437379 0.305041 0.166191 -0.302410 -0.169921 -1.343636
577.000000 1.212131 0.042886 -0.714489 0.435677 0.302497 0.166714 -0.299869 -0.170442 -1.338229
578.000000 1.215144 0.044556 -0.717475 0.433970 0.299966 0.167229 -0.297341 -0.170955 -1.332908
579.000000 1.218131 0.046231 -0.720436 0.432258 0.297446 0.167735 -0.294825 -0.171459 -1.327671
580.000000 1.221093 0.047910 -0.723372 0.430541 0.294939 0.168233 -0.292320 -0.171955 -1.322516
581.000000 1.224029 0.049595 -0.726283 0.428819 0.292444 0.168722 -0.289828 -0.172442 -1.317442
582.000000 1.226941 0.051285 -0.729168 0.427092 0.289960 0.169204 -0.287347 -0.172922 -1.312447
583.000000 1.229829 0.052979 -0.732029 0.425360 0.287488 0.169677 -0.284877 -0.173393 -1.307529
584.000000 1.232691 0.054678 -0.734866 0.423624 0.285027 0.170143 -0.282419 -0.173857 -1.302686
585.000000 1.235529 0.056382 -0.737678 0.421883 0.282577 0.170601 -0.279972 -0.174313 -1.297918
586.000000 1.238343 0.058090 -0.740465 0.420138 0.280138 0.171052 -0.277536 -0.174762 -1.293223
587.000000 1.241132 0.059803 -0.743229 0.418388 0.277710 0.171494 -0.275111 -0.175203 -1.288598
588.000000 1.243897 0.061520 -0.745968 0.416634 0.275293 0.171930 -0.272696 -0.175636 -1.284044
589.000000 1.246638 0.063242 -0.748683 0.414875 0.272886 0.172358 -0.270291 -0.176063 -1.279557
590.000000 1.249355 0.064967 -0.751373 0.413112 0.270489 0.172779 -0.267897 -0.176482 -1.275138
591.000000 1.252048 0.066697 -0.754040 0.411345 0.268103 0.173193 -0.265514 -0.176894 -1.270784
592.000000 1.254717 0.068431 -0.756684 0.409574 0.265727 0.173600 -0.263140 -0.177299 -1.266495
593.000000 1.257362 0.070169 -0.759303 0.407799 0.263360 0.174000 -0.260776 -0.177698 -1.262269
594.000000 1.259984 0.071911 -0.761899 0.406020 0.261004 0.174393 -0.258422 -0.178089 -1.258105
595.000000 1.262582 0.073657 -0.764472 0.404238 0.258657 0.174780 -0.256077 -0.178474 -1.254001
596.000000 1.265157 0.075407 -0.767021 0.402451 0.256320 0.175160 -0.253742 -0.178853 -1.249957
597.000000 1.267709 0.077160 -0.769547 0.400661 0.253992 0.175533 -0.251417 -0.179224 -1.245972
598.000000 1.270237 0.078917 -0.772049 0.398867 0.251673 0.175900 -0.249100 -0.179590 -1.242044
599.000000 1.272742 0.080678 -0.774529 0.397069 0.249363 0.176261 -0.246793 -0.179949 -1.238173
600.000000 1.275224 0.082443 -0.776985 0.395268 0.247062 0.176615 -0.244494 -0.180302 -1.234357
601.000000 1.277684 0.084211 -0.779418 0.393463 0.244771 0.176963 -0.242205 -0.180648 -1.230595
602.000000 1.280120 0.085982 -0.781829 0.391655 0.242488 0.177305 -0.239924 -0.180989 -1.226886
603.000000 1.282533 0.087757 -0.784217 0.389843 0.240213 0.177641 -0.237651 -0.181323 -1.223230
604.000000 1.284924 0.089535 -0.786582 0.388028 0.237947 0.177971 -0.235388 -0.181652 -1.219626
605.000000 1.287292 0.091316 -0.788925 0.386210 0.235690 0.178296 -0.233132 -0.181974 -1.216072
606.000000 1.289638 0.093101 -0.791245 0.384389 0.233440 0.178614 -0.230885 -0.182291 -1.212567
607.000000 1.291961 0.094888 -0.793542 0.382564 0.231199 0.178926 -0.228646 -0.182603 -1.209112
608.000000 1.294262 0.096679 -0.795818 0.380737 0.228966 0.179233 -0.226415 -0.182908 -1.205704
609.000000 1.296540 0.098473 -0.798071 0.378906 0.226741 0.179535 -0.224191 -0.183208 -1.202344
610.000000 1.298797 0.100270 -0.800301 0.377072 0.224524 0.179830 -0.221976 -0.183502 -1.199030
611.000000 1.301031 0.102070 -0.802510 0.375236 0.222314 0.180121 -0.219768 -0.183791 -1.195761
612.000000 1.303243 0.103872 -0.804697 0.373397 0.220112 0.180406 -0.217568 -0.184075 -1.192538
613.000000 1.305433 0.105678 -0.806862 0.371554 0.217917 0.180685 -0.215375 -0.184353 -1.189358
614.000000 1.307601 0.107486 -0.809004 0.369710 0.215730 0.180959 -0.213190 -0.184626 -1.186222
615.000000 1.309748 0.109297 -0.811125 0.367862 0.213550 0.181228 -0.211012 -0.184894 -1.183128
616.000000 1.311872 0.111110 -0.813225 0.366012 0.211378 0.181492 -0.208841 -0.185156 -1.180076
617.000000 1.313975 0.112927 -0.815302 0.364159 0.209212 0.181751 -0.206677 -0.185414 -1.177066
618.000000 1.316057 0.114745 -0.817358 0.362303 0.207053 0.182005 -0.204520 -0.185666 -1.174096
619.000000 1.318116 0.116567 -0.819393 0.360445 0.204902 0.182253 -0.202370 -0.185913 -1.171166
620.000000 1.320155 0.118390 -0.821405 0.358585 0.202757 0.182497 -0.200227 -0.186156 -1.168276
621.000000 1.322172 0.120217 -0.823397 0.356722 0.200618 0.182736 -0.198090 -0.186393 -1.165424
622.000000 1.324167 0.122045 -0.825367 0.354857 0.198487 0.182970 -0.195960 -0.186626 -1.162611
623.000000 1.326141 0.123876 -0.827316 0.352990 0.196362 0.183199 -0.193836 -0.186854 -1.159834
624.000000 1.328094 0.125709 -0.829244 0.351120 0.194243 0.183423 -0.191719 -0.187077 -1.157095
625.000000 1.330026 0.127544 -0.831151 0.349248 0.192131 0.183643 -0.189609 -0.187296 -1.154392
626.000000 1.331937 0.129382 -0.833036 0.347374 0.190025 0.183858 -0.187504 -0.187510 -1.151726
627.000000 1.333827 0.131222 -0.834901 0.345498 0.187925 0.184068 -0.185406 -0.187719 -1.149094
628.000000 1.335695 0.133063 -0.836744 0.343620 0.185831 0.184274 -0.183313 -0.187924 -1.146497
629.000000 1.337543 0.134907 -0.838567 0.341740 0.183743 0.184476 -0.181227 -0.188124 -1.143934
630.000000 1.339370 0.136753 -0.840369 0.339857 0.181661 0.184673 -0.179146 -0.188320 -1.141406
631.000000 1.341177 0.138601 -0.842150 0.337973 0.179585 0.184865 -0.177072 -0.188511 -1.138910
632.000000 1.342962 0.140450 -0.843910 0.336087 0.177514 0.185053 -0.175003 -0.188698 -1.136447
633.000000 1.344727 0.142302 -0.845650 0.334199 0.175450 0.185237 -0.172939 -0.188881 -1.134017
634.000000 1.346471 0.144155 -0.847369 0.332310 0.173391 0.185416 -0.170881 -0.189059 -1.131618
635.000000 1.348195 0.146010 -0.849068 0.330418 0.171337 0.185592 -0.168829 -0.189234 -1.129251
636.000000 1.349898 0.147867 -0.850746 0.328525 0.169289 0.185763 -0.166782 -0.189403 -1.126915
637.000000 1.351580 0.149725 -0.852403 0.326630 0.167246 0.185929 -0.164741 -0.189569 -1.124610
638.000000 1.353243 0.151585 -0.854040 0.324733 0.165208 0.186092 -0.162704 -0.189731 -1.122334
639.000000 1.354885 0.153447 -0.855657 0.322835 0.163176 0.186251 -0.160673 -0.189888 -1.120088
640.000000 1.356506 0.155310 -0.857254 0.320936 0.161149 0.186405 -0.158647 -0.190042 -1.117872
641.000000 1.358108 0.157175 -0.858830 0.319035 0.159126 0.186555 -0.156626 -0.190191 -1.115684
642.000000 1.359689 0.159041 -0.860386 0.317132 0.157109 0.186702 -0.154610 -0.190336 -1.113525
643.000000 1.361250 0.160909 -0.861922 0.315228 0.155097 0.186844 -0.152599 -0.190478 -1.111395
644.000000 1.362791 0.162778 -0.863438 0.313322 0.153089 0.186983 -0.150593 -0.190615 -1.109292
645.000000 1.364312 0.164649 -0.864934 0.311415 0.151086 0.187117 -0.148591 -0.190749 -1.107216
646.000000 1.365813 0.166521 -0.866410 0.309507 0.149088 0.187248 -0.146594 -0.190879 -1.105167
647.000000 1.367293 0.168394 -0.867866 0.307598 0.147095 0.187375 -0.144602 -0.191004 -1.103146
648.000000 1.368754 0.170268 -0.869302 0.305687 0.145106 0.187498 -0.142614 -0.191126 -1.101150
649.000000 1.370196 0.172144 -0.870718 0.303775 0.143122 0.187617 -0.140631 -0.191245 -1.099181
650.000000 1.371617 0.174020 -0.872115 0.301862 0.141142 0.187732 -0.138652 -0.191359 -1.097237
651.000000 1.373018 0.175898 -0.873492 0.299948 0.139166 0.187844 -0.136677 -0.191470 -1.095318
652.000000 1.374400 0.177777 -0.874848 0.298033 0.137195 0.187952 -0.134707 -0.191577 -1.093425
653.000000 1.375762 0.179657 -0.876186 0.296117 0.135227 0.188056 -0.132741 -0.191680 -1.091557
654.000000 1.377105 0.181538 -0.877503 0.294199 0.133264 0.188157 -0.130779 -0.191780 -1.089713
655.000000 1.378428 0.183420 -0.878801 0.292281 0.131306 0.188254 -0.128821 -0.191876 -1.087893
656.000000 1.379731 0.185303 -0.880080 0.290362 0.129351 0.188347 -0.126867 -0.191969 -1.086097
657.000000 1.381015 0.187187 -0.881339 0.288442 0.127400 0.188437 -0.124917 -0.192058 -1.084324
658.000000 1.382279 0.189072 -0.882578 0.286521 0.125453 0.188524 -0.122971 -0.192143 -1.082575
659.000000 1.383524 0.190958 -0.883798 0.284599 0.123510 0.188606 -0.121029 -0.192225 -1.080849
660.000000 1.384749 0.192844 -0.884999 0.282676 0.121570 0.188686 -0.119091 -0.192304 -1.079146
661.000000 1.385955 0.194732 -0.886180 0.280753 0.119635 0.188761 -0.117156 -0.192378 -1.077465
662.000000 1.387142 0.196620 -0.887342 0.278829 0.117703 0.188834 -0.115225 -0.192450 -1.075807
663.000000 1.388309 0.198508 -0.888484 0.276904 0.115775 0.188903 -0.113298 -0.192518 -1.074170
664.000000 1.389457 0.200398 -0.889608 0.274978 0.113850 0.188968 -0.111374 -0.192583 -1.072555
665.000000 1.390586 0.202288 -0.890712 0.273052 0.111929 0.189030 -0.109453 -0.192644 -1.070962
666.000000 1.391696 0.204178 -0.891797 0.271125 0.110011 0.189089 -0.107536 -0.192702 -1.069390
667.000000 1.392786 0.206069 -0.892863 0.269198 0.108096 0.189144 -0.105622 -0.192756 -1.067839
668.000000 1.393858 0.207961 -0.893909 0.267270 0.106185 0.189196 -0.103712 -0.192807 -1.066309
669.000000 1.394910 0.209853 -0.894937 0.265342 0.104277 0.189245 -0.101805 -0.192855 -1.064800
670.000000 1.395943 0.211746 -0.895945 0.263413 0.102372 0.189290 -0.099901 -0.192900 -1.063311
671.000000 1.396958 0.213639 -0.896935 0.261484 0.100471 0.189332 -0.098000 -0.192941 -1.061842
672.000000 1.397953 0.215533 -0.897905 0.259554 0.098573 0.189371 -0.096103 -0.192979 -1.060393
673.000000 1.398929 0.217426 -0.898857 0.257624 0.096677 0.189407 -0.094208 -0.193014 -1.058963
674.000000 1.399886 0.219321 -0.899789 0.255694 0.094785 0.189439 -0.092316 -0.193045 -1.057554
675.000000 1.400825 0.221215 -0.900703 0.253763 0.092895 0.189468 -0.090428 -0.193073 -1.056163
676.000000 1.401744 0.223110 -0.901598 0.251833 0.091009 0.189494 -0.088542 -0.193098 -1.054792
677.000000 1.402645 0.225005 -0.902474 0.249901 0.089125 0.189517 -0.086659 -0.193120 -1.053440
678.000000 1.403527 0.226900 -0.903331 0.247970 0.087244 0.189536 -0.084779 -0.193139 -1.052106
679.000000 1.404390 0.228796 -0.904170 0.246039 0.085366 0.189553 -0.082901 -0.193155 -1.050791
680.000000 1.405234 0.230691 -0.904989 0.244107 0.083490 0.189566 -0.081026 -0.193167 -1.049495
681.000000 1.406060 0.232587 -0.905790 0.242175 0.081617 0.189576 -0.079154 -0.193176 -1.048216
682.000000 1.406866 0.234483 -0.906572 0.240244 0.079747 0.189583 -0.077284 -0.193183 -1.046956
683.000000 1.407655 0.236379 -0.907336 0.238312 0.077879 0.189587 -0.075417 -0.193186 -1.045714
684.000000 1.408424 0.238275 -0.908081 0.236380 0.076014 0.189588 -0.073552 -0.193186 -1.044489
685.000000 1.409175 0.240171 -0.908807 0.234448 0.074151 0.189585 -0.071690 -0.193183 -1.043282
686.000000 1.409907 0.242066 -0.909514 0.232516 0.072290 0.189580 -0.069830 -0.193177 -1.042092
687.000000 1.410621 0.243962 -0.910203 0.230584 0.070432 0.189571 -0.067972 -0.193167 -1.040919
688.000000 1.411316 0.245858 -0.910874 0.228653 0.068576 0.189560 -0.066117 -0.193155 -1.039764
689.000000 1.411992 0.247753 -0.911526 0.226721 0.066723 0.189546 -0.064264 -0.193140 -1.038625
690.000000 1.412650 0.249649 -0.912159 0.224790 0.064871 0.189528 -0.062413 -0.193122 -1.037504
691.000000 1.413290 0.251544 -0.912774 0.222859 0.063022 0.189508 -0.060564 -0.193100 -1.036398
692.000000 1.413911 0.253439 -0.913370 0.220928 0.061174 0.189484 -0.058717 -0.193076 -1.035310
693.000000 1.414513 0.255334 -0.913948 0.218997 0.059329 0.189457 -0.056872 -0.193049 -1.034237
694.000000 1.415097 0.257228 -0.914508 0.217067 0.057486 0.189428 -0.055030 -0.193019 -1.033181
695.000000 1.415663 0.259122 -0.915049 0.215137 0.055645 0.189395 -0.053189 -0.192985 -1.032141
696.000000 1.416210 0.261016 -0.915572 0.213207 0.053805 0.189360 -0.051350 -0.192949 -1.031117
697.000000 1.416739 0.262909 -0.916076 0.211278 0.051968 0.189322 -0.049513 -0.192910 -1.030109
698.000000 1.417249 0.264802 -0.916562 0.209349 0.050132 0.189280 -0.047677 -0.192868 -1.029116
699.000000 1.417742 0.266695 -0.917029 0.207421 0.048298 0.189236 -0.045844 -0.192823 -1.028139
700.000000 1.418215 0.268587 -0.917479 0.205493 0.046466 0.189189 -0.044012 -0.192775 -1.027177
701.000000 1.418671 0.270479 -0.917910 0.203565 0.044635 0.189138 -0.042182 -0.192724 -1.026231
702.000000 1.419108 0.272370 -0.918322 0.201638 0.042806 0.189085 -0.040353 -0.192670 -1.025300
703.000000 1.419527 0.274260 -0.918717 0.199712 0.040979 0.189029 -0.038526 -0.192613 -1.024384
704.000000 1.419928 0.276150 -0.919093 0.197786 0.039153 0.188970 -0.036701 -0.192554 -1.023483
705.000000 1.420310 0.278040 -0.919451 0.195861 0.037328 0.188909 -0.034877 -0.192491 -1.022596
706.000000 1.420674 0.279928 -0.919790 0.193936 0.035506 0.188844 -0.033054 -0.192425 -1.021725
707.000000 1.421020 0.281817 -0.920112 0.192012 0.033684 0.188776 -0.031233 -0.192357 -1.020868
708.000000 1.421348 0.283704 -0.920415 0.190089 0.031864 0.188706 -0.029413 -0.192286 -1.020026
709.000000 1.421657 0.285591 -0.920700 0.188167 0.030045 0.188632 -0.027594 -0.192212 -1.019198
710.000000 1.421949 0.287477 -0.920967 0.186245 0.028227 0.188556 -0.025777 -0.192135 -1.018384
711.000000 1.422222 0.289362 -0.921216 0.184324 0.026411 0.188477 -0.023961 -0.192055 -1.017585
712.000000 1.422477 0.291246 -0.921446 0.182404 0.024596 0.188395 -0.022146 -0.191972 -1.016800
713.000000 1.422714 0.293130 -0.921659 0.180484 0.022782 0.188310 -0.020333 -0.191886 -1.016029
714.000000 1.422933 0.295012 -0.921853 0.178566 0.020969 0.188222 -0.018520 -0.191798 -1.015271
715.000000 1.423133 0.296894 -0.922029 0.176648 0.019157 0.188131 -0.016708 -0.191706 -1.014528
716.000000 1.423316 0.298775 -0.922187 0.174732 0.017346 0.188037 -0.014898 -0.191612 -1.013798
717.000000 1.423480 0.300655 -0.922327 0.172816 0.015536 0.187941 -0.013088 -0.191515 -1.013082
718.000000 1.423627 0.302534 -0.922449 0.170902 0.013727 0.187842 -0.011279 -0.191415 -1.012380
719.000000 1.423755 0.304412 -0.922553 0.168988 0.011919 0.187740 -0.009471 -0.191312 -1.011691
720.000000 1.423865 0.306289 -0.922638 0.167075 0.010112 0.187634 -0.007664 -0.191206 -1.011016
721.000000 1.423957 0.308164 -0.922706 0.165164 0.008306 0.187527 -0.005858 -0.191097 -1.010354
722.000000 1.424031 0.310039 -0.922755 0.163253 0.006500 0.187416 -0.004053 -0.190986 -1.009705
723.000000 1.424087 0.311913 -0.922787 0.161344 0.004695 0.187302 -0.002248 -0.190872 -1.009070
724.000000 1.424125 0.313785 -0.922800 0.159436 0.002891 0.187186 -0.000444 -0.190754 -1.008447
725.000000 1.424145 0.315656 -0.922796 0.157529 0.001087 0.187066 0.001360 -0.190634 -1.007838
726.000000 1.424147 0.317526 -0.922773 0.155623 -0.000716 0.186944 0.003163 -0.190511 -1.007242
727.000000 1.424131 0.319395 -0.922733 0.153719 -0.002518 0.186819 0.004965 -0.190386 -1.006658
728.000000 1.424096 0.321263 -0.922674 0.151816 -0.004320 0.186691 0.006767 -0.190257 -1.006088
729.000000 1.424044 0.323129 -0.922597 0.149914 -0.006122 0.186560 0.008568 -0.190125 -1.005530
730.000000 1.423974 0.324994 -0.922502 0.148013 -0.007923 0.186427 0.010370 -0.189991 -1.004985
731.000000 1.423886 0.326858 -0.922390 0.146114 -0.009724 0.186290 0.012170 -0.189854 -1.004452
732.000000 1.423779 0.328720 -0.922259 0.144216 -0.011524 0.186151 0.013970 -0.189714 -1.003932
733.000000 1.423655 0.330581 -0.922110 0.142319 -0.013324 0.186009 0.015771 -0.189571 -1.003425
734.000000 1.423513 0.332440 -0.921944 0.140425 -0.015124 0.185863 0.017570 -0.189425 -1.002930
735.000000 1.423353 0.334298 -0.921759 0.138531 -0.016924 0.185715 0.019370 -0.189276 -1.002447
736.000000 1.423174 0.336154 -0.921556 0.136639 -0.018723 0.185564 0.021169 -0.189124 -1.001977
737.000000 1.422978 0.338009 -0.921336 0.134749 -0.020522 0.185411 0.022969 -0.188970 -1.001520
738.000000 1.422764 0.339862 -0.921097 0.132860 -0.022322 0.185254 0.024768 -0.188812 -1.001074
739.000000 1.422532 0.341714 -0.920840 0.130972 -0.024121 0.185094 0.026567 -0.188652 -1.000641
740.000000 1.422282 0.343564 -0.920566 0.129087 -0.025920 0.184932 0.028366 -0.188489 -1.000219
741.000000 1.422013 0.345413 -0.920273 0.127202 -0.027719 0.184766 0.030165 -0.188323 -0.999810
742.000000 1.421727 0.347260 -0.919962 0.125320 -0.029519 0.184598 0.031965 -0.188153 -0.999413
743.000000 1.421423 0.349105 -0.919634 0.123439 -0.031318 0.184427 0.033764 -0.187981 -0.999028
744.000000 1.421101 0.350948 -0.919287 0.121560 -0.033117 0.184252 0.035564 -0.187807 -0.998655
745.000000 1.420761 0.352790 -0.918922 0.119683 -0.034917 0.184075 0.037363 -0.187629 -0.998294
746.000000 1.420403 0.354630 -0.918540 0.117808 -0.036717 0.183895 0.039164 -0.187448 -0.997944
747.000000 1.420026 0.356468 -0.918139 0.115934 -0.038517 0.183712 0.040964 -0.187264 -0.997607
748.000000 1.419632 0.358304 -0.917720 0.114063 -0.040318 0.183526 0.042765 -0.187077 -0.997281
749.000000 1.419220 0.360138 -0.917284 0.112193 -0.042119 0.183337 0.044566 -0.186888 -0.996967
750.000000 1.418790 0.361971 -0.916829 0.110325 -0.043920 0.183146 0.046367 -0.186695 -0.996665
751.000000 1.418342 0.363801 -0.916356 0.108459 -0.045722 0.182951 0.048169 -0.186500 -0.996374
752.000000 1.417875 0.365630 -0.915866 0.106595 -0.047524 0.182753 0.049971 -0.186301 -0.996095
753.000000 1.417391 0.367456 -0.915357 0.104733 -0.049327 0.182552 0.051774 -0.186099 -0.995828
754.000000 1.416889 0.369281 -0.914830 0.102873 -0.051131 0.182348 0.053578 -0.185895 -0.995572
755.000000 1.416369 0.371103 -0.914285 0.101015 -0.052935 0.182141 0.055382 -0.185687 -0.995327
756.000000 1.415830 0.372924 -0.913723 0.099159 -0.054739 0.181932 0.057187 -0.185477 -0.995095
757.000000 1.415274 0.374742 -0.913142 0.097305 -0.056545 0.181719 0.058992 -0.185263 -0.994873
758.000000 1.414699 0.376558 -0.912543 0.095454 -0.058351 0.181503 0.060799 -0.185046 -0.994664
759.000000 1.414107 0.378372 -0.911926 0.093605 -0.060157 0.181284 0.062606 -0.184826 -0.994465
760.000000 1.413496 0.380184 -0.911291 0.091757 -0.061965 0.181062 0.064414 -0.184604 -0.994278
761.000000 1.412867 0.381993 -0.910637 0.089912 -0.063774 0.180837 0.066223 -0.184378 -0.994103
762.000000 1.412221 0.383800 -0.909966 0.088070 -0.065583 0.180608 0.068032 -0.184149 -0.993938
763.000000 1.411556 0.385605 -0.909277 0.086229 -0.067394 0.180377 0.069843 -0.183917 -0.993785
764.000000 1.410873 0.387408 -0.908569 0.084391 -0.069205 0.180143 0.071655 -0.183681 -0.993644
765.000000 1.410172 0.389208 -0.907844 0.082556 -0.071018 0.179905 0.073467 -0.183443 -0.993513
766.000000 1.409452 0.391006 -0.907100 0.080723 -0.072831 0.179664 0.075281 -0.183202 -0.993394
767.000000 1.408715 0.392801 -0.906338 0.078892 -0.074646 0.179421 0.077096 -0.182957 -0.993287
768.000000 1.407959 0.394594 -0.905558 0.077063 -0.076462 0.179174 0.078912 -0.182709 -0.993190
769.000000 1.407186 0.396385 -0.904760 0.075238 -0.078279 0.178924 0.080730 -0.182458 -0.993105
770.000000 1.406394 0.398173 -0.903943 0.073414 -0.080097 0.178670 0.082548 -0.182204 -0.993031
771.000000 1.405584 0.399958 -0.903109 0.071594 -0.081917 0.178414 0.084368 -0.181947 -0.992968
772.000000 1.404756 0.401741 -0.902256 0.069775 -0.083738 0.178154 0.086190 -0.181686 -0.992916
773.000000 1.403909 0.403521 -0.901385 0.067960 -0.085560 0.177891 0.088012 -0.181423 -0.992875
774.000000 1.403044 0.405299 -0.900496 0.066147 -0.087384 0.177625 0.089837 -0.181156 -0.992846
775.000000 1.402161 0.407074 -0.899588 0.064337 -0.089209 0.177355 0.091662 -0.180885 -0.992827
776.000000 1.401260 0.408846 -0.898663 0.062529 -0.091036 0.177083 0.093489 -0.180612 -0.992820
777.000000 1.400341 0.410615 -0.897719 0.060724 -0.092864 0.176806 0.095318 -0.180335 -0.992824
778.000000 1.399403 0.412382 -0.896756 0.058923 -0.094694 0.176527 0.097149 -0.180054 -0.992839
779.000000 1.398447 0.414146 -0.895776 0.057123 -0.096526 0.176244 0.098981 -0.179771 -0.992866
780.000000 1.397472 0.415907 -0.894777 0.055327 -0.098359 0.175958 0.100814 -0.179484 -0.992903
781.000000 1.396480 0.417665 -0.893759 0.053534 -0.100194 0.175669 0.102650 -0.179194 -0.992951
782.000000 1.395468 0.419420 -0.892724 0.051743 -0.102031 0.175376 0.104487 -0.178900 -0.993011
783.000000 1.394439 0.421173 -0.891670 0.049956 -0.103870 0.175080 0.106326 -0.178603 -0.993081
784.000000 1.393391 0.422922 -0.890597 0.048171 -0.105710 0.174780 0.108168 -0.178302 -0.993163
785.000000 1.392325 0.424668 -0.889506 0.046390 -0.107553 0.174477 0.110011 -0.177998 -0.993256
786.000000 1.391240 0.426411 -0.888397 0.044611 -0.109398 0.174170 0.111856 -0.177691 -0.993360
787.000000 1.390137 0.428152 -0.887269 0.042836 -0.111244 0.173860 0.113703 -0.177380 -0.993475
788.000000 1.389015 0.429889 -0.886123 0.041064 -0.113093 0.173547 0.115552 -0.177066 -0.993601
789.000000 1.387875 0.431623 -0.884958 0.039295 -0.114944 0.173230 0.117403 -0.176748 -0.993739
790.000000 1.386716 0.433353 -0.883775 0.037529 -0.116797 0.172909 0.119257 -0.176426 -0.993887
791.000000 1.385539 0.435081 -0.882573 0.035766 -0.118652 0.172585 0.121113 -0.176101 -0.994047
792.000000 1.384343 0.436805 -0.881353 0.034007 -0.120509 0.172257 0.122971 -0.175772 -0.994218
793.000000 1.383129 0.438526 -0.880114 0.032251 -0.122369 0.171926 0.124831 -0.175440 -0.994399
794.000000 1.381896 0.440243 -0.878856 0.030498 -0.124231 0.171591 0.126694 -0.175104 -0.994592
795.000000 1.380644 0.441958 -0.877580 0.028748 -0.126096 0.171252 0.128559 -0.174764 -0.994797
796.000000 1.379374 0.443668 -0.876285 0.027003 -0.127963 0.170909 0.130427 -0.174421 -0.995012
797.000000 1.378085 0.445376 -0.874971 0.025260 -0.129832 0.170563 0.132297 -0.174074 -0.995239
798.000000 1.376777 0.447080 -0.873639 0.023521 -0.131705 0.170213 0.134170 -0.173723 -0.995477
799.000000 1.375451 0.448780 -0.872288 0.021786 -0.133579 0.169860 0.136045 -0.173368 -0.995726
800.000000 1.374106 0.450477 -0.870918 0.020054 -0.135457 0.169502 0.137923 -0.173010 -0.995986
801.000000 1.372742 0.452170 -0.869529 0.018325 -0.137337 0.169141 0.139804 -0.172648 -0.996257
802.000000 1.371359 0.453860 -0.868122 0.016601 -0.139220 0.168776 0.141688 -0.172281 -0.996540
803.000000 1.369957 0.455546 -0.866695 0.014880 -0.141106 0.168407 0.143574 -0.171911 -0.996834
804.000000 1.368537 0.457228 -0.865250 0.013163 -0.142994 0.168034 0.145464 -0.171537 -0.997140
805.000000 1.367097 0.458906 -0.863786 0.011449 -0.144886 0.167657 0.147356 -0.171160 -0.997457
806.000000 1.365639 0.460581 -0.862303 0.009739 -0.146781 0.167276 0.149252 -0.170778 -0.997785
807.000000 1.364162 0.462252 -0.860801 0.008033 -0.148678 0.166891 0.151150 -0.170392 -0.998124
808.000000 1.362665 0.463919 -0.859280 0.006331 -0.150579 0.166502 0.153052 -0.170002 -0.998475
809.000000 1.361150 0.465582 -0.857740 0.004633 -0.152483 0.166109 0.154956 -0.169608 -0.998837
810.000000 1.359616 0.467241 -0.856181 0.002939 -0.154390 0.165712 0.156864 -0.169210 -0.999211
811.000000 1.358062 0.468896 -0.854603 0.001249 -0.156301 0.165311 0.158776 -0.168808 -0.999596
812.000000 1.356490 0.470547 -0.853006 -0.000437 -0.158214 0.164906 0.160690 -0.168401 -0.999993
813.000000 1.354898 0.472194 -0.851389 -0.002119 -0.160132 0.164496 0.162608 -0.167991 -1.000402
814.000000 1.353287 0.473837 -0.849753 -0.003797 -0.162052 0.164083 0.164530 -0.167576 -1.000821
815.000000 1.351657 0.475476 -0.848098 -0.005470 -0.163976 0.163665 0.166455 -0.167157 -1.001253
816.000000 1.350008 0.477110 -0.846424 -0.007140 -0.165904 0.163242 0.168383 -0.166733 -1.001696
817.000000 1.348339 0.478741 -0.844731 -0.008805 -0.167835 0.162816 0.170316 -0.166305 -1.002151
818.000000 1.346651 0.480367 -0.843018 -0.010466 -0.169770 0.162384 0.172252 -0.165873 -1.002617
819.000000 1.344943 0.481988 -0.841286 -0.012122 -0.171709 0.161949 0.174191 -0.165437 -1.003095
820.000000 1.343217 0.483606 -0.839534 -0.013775 -0.173652 0.161509 0.176135 -0.164996 -1.003585
821.000000 1.341470 0.485219 -0.837763 -0.015422 -0.175598 0.161065 0.178082 -0.164550 -1.004087
822.000000 1.339705 0.486827 -0.835972 -0.017066 -0.177548 0.160616 0.180033 -0.164100 -1.004601
823.000000 1.337919 0.488431 -0.834162 -0.018704 -0.179503 0.160162 0.181989 -0.163645 -1.005126
824.000000 1.336115 0.490030 -0.832333 -0.020339 -0.181461 0.159704 0.183948 -0.163186 -1.005664
825.000000 1.334290 0.491625 -0.830483 -0.021968 -0.183424 0.159241 0.185912 -0.162722 -1.006213
826.000000 1.332446 0.493215 -0.828614 -0.023593 -0.185390 0.158774 0.187879 -0.162253 -1.006774
827.000000 1.330582 0.494800 -0.826726 -0.025213 -0.187361 0.158301 0.189851 -0.161780 -1.007348
828.000000 1.328699 0.496381 -0.824817 -0.026829 -0.189336 0.157824 0.191828 -0.161302 -1.007933
829.000000 1.326796 0.497957 -0.822889 -0.028439 -0.191316 0.157342 0.193809 -0.160818 -1.008531
830.000000 1.324873 0.499528 -0.820941 -0.030045 -0.193300 0.156856 0.195794 -0.160330 -1.009141
831.000000 1.322930 0.501094 -0.818973 -0.031646 -0.195289 0.156364 0.197784 -0.159837 -1.009763
832.000000 1.320967 0.502655 -0.816986 -0.033242 -0.197282 0.155867 0.199778 -0.159339 -1.010397
833.000000 1.318984 0.504211 -0.814978 -0.034833 -0.199280 0.155365 0.201777 -0.158836 -1.011043
834.000000 1.316981 0.505762 -0.812950 -0.036418 -0.201282 0.154859 0.203781 -0.158328 -1.011703
835.000000 1.314958 0.507308 -0.810902 -0.037999 -0.203290 0.154347 0.205789 -0.157815 -1.012374
836.000000 1.312915 0.508849 -0.808834 -0.039575 -0.205302 0.153830 0.207803 -0.157297 -1.013058
837.000000 1.310852 0.510385 -0.806746 -0.041145 -0.207319 0.153307 0.209821 -0.156773 -1.013754
838.000000 1.308769 0.511915 -0.804638 -0.042710 -0.209341 0.152779 0.211845 -0.156244 -1.014463
839.000000 1.306665 0.513441 -0.802509 -0.044270 -0.211369 0.152246 0.213873 -0.155709 -1.015185
840.000000 1.304542 0.514960 -0.800360 -0.045824 -0.213401 0.151708 0.215907 -0.155170 -1.015919
841.000000 1.302397 0.516475 -0.798191 -0.047373 -0.215439 0.151164 0.217946 -0.154624 -1.016667
842.000000 1.300233 0.517984 -0.796001 -0.048917 -0.217482 0.150615 0.219991 -0.154073 -1.017427
843.000000 1.298048 0.519487 -0.793791 -0.050455 -0.219530 0.150060 0.222040 -0.153517 -1.018199
844.000000 1.295842 0.520985 -0.791561 -0.051987 -0.221584 0.149499 0.224096 -0.152955 -1.018985
845.000000 1.293616 0.522477 -0.789309 -0.053514 -0.223644 0.148933 0.226157 -0.152387 -1.019784
846.000000 1.291369 0.523963 -0.787038 -0.055035 -0.225709 0.148361 0.228223 -0.151814 -1.020596
847.000000 1.289102 0.525444 -0.784745 -0.056550 -0.227780 0.147783 0.230296 -0.151234 -1.021421
848.000000 1.286814 0.526919 -0.782432 -0.058060 -0.229857 0.147199 0.232374 -0.150649 -1.022259
849.000000 1.284505 0.528388 -0.780097 -0.059563 -0.231939 0.146609 0.234458 -0.150057 -1.023110
850.000000 1.282175 0.529851 -0.777742 -0.061061 -0.234028 0.146013 0.236548 -0.149460 -1.023975
851.000000 1.279824 0.531308 -0.775367 -0.062552 -0.236122 0.145411 0.238644 -0.148857 -1.024853
852.000000 1.277452 0.532759 -0.772970 -0.064038 -0.238223 0.144803 0.240746 -0.148247 -1.025745
853.000000 1.275060 0.534204 -0.770552 -0.065517 -0.240330 0.144189 0.242855 -0.147631 -1.026650
854.000000 1.272646 0.535643 -0.768112 -0.066990 -0.242443 0.143568 0.244970 -0.147009 -1.027569
855.000000 1.270211 0.537076 -0.765652 -0.068457 -0.244563 0.142941 0.247091 -0.146380 -1.028501
856.000000 1.267755 0.538502 -0.763171 -0.069918 -0.246689 0.142307 0.249219 -0.145745 -1.029448
857.000000 1.265277 0.539922 -0.760668 -0.071372 -0.248822 0.141667 0.251354 -0.145103 -1.030408
858.000000 1.262778 0.541335 -0.758144 -0.072820 -0.250962 0.141021 0.253495 -0.144455 -1.031382
859.000000 1.260258 0.542742 -0.755598 -0.074261 -0.253108 0.140367 0.255643 -0.143799 -1.032370
860.000000 1.257716 0.544143 -0.753031 -0.075696 -0.255261 0.139707 0.257798 -0.143137 -1.033372
861.000000 1.255152 0.545536 -0.750442 -0.077124 -0.257422 0.139040 0.259960 -0.142469 -1.034388
862.000000 1.252567 0.546923 -0.747832 -0.078546 -0.259589 0.138366 0.262129 -0.141793 -1.035418
863.000000 1.249961 0.548304 -0.745199 -0.079960 -0.261764 0.137685 0.264305 -0.141110 -1.036463
864.000000 1.247332 0.549677 -0.742545 -0.081368 -0.263945 0.136996 0.266489 -0.140420 -1.037522
865.000000 1.244682 0.551044 -0.739870 -0.082768 -0.266135 0.136301 0.268680 -0.139722 -1.038596
866.000000 1.242009 0.552403 -0.737172 -0.084162 -0.268331 0.135598 0.270879 -0.139018 -1.039684
867.000000 1.239315 0.553756 -0.734452 -0.085549 -0.270536 0.134888 0.273085 -0.138306 -1.040787
868.000000 1.236599 0.555101 -0.731710 -0.086928 -0.272748 0.134170 0.275299 -0.137586 -1.041904
869.000000 1.233860 0.556439 -0.728946 -0.088301 -0.274968 0.133445 0.277521 -0.136859 -1.043037
870.000000 1.231099 0.557770 -0.726160 -0.089665 -0.277195 0.132712 0.279751 -0.136124 -1.044184
871.000000 1.228316 0.559093 -0.723351 -0.091023 -0.279431 0.131971 0.281989 -0.135381 -1.045346
872.000000 1.225511 0.560409 -0.720520 -0.092373 -0.281675 0.131222 0.284235 -0.134630 -1.046524
873.000000 1.222683 0.561718 -0.717666 -0.093716 -0.283928 0.130465 0.286489 -0.133871 -1.047716
874.000000 1.219832 0.563018 -0.714790 -0.095050 -0.286189 0.129700 0.288752 -0.133104 -1.048924
875.000000 1.216959 0.564312 -0.711891 -0.096378 -0.288458 0.128927 0.291024 -0.132329 -1.050147
876.000000 1.214063 0.565597 -0.708970 -0.097697 -0.290736 0.128145 0.293304 -0.131545 -1.051386
877.000000 1.211144 0.566874 -0.706025 -0.099009 -0.293023 0.127355 0.295593 -0.130753 -1.052640
878.000000 1.208202 0.568144 -0.703058 -0.100312 -0.295318 0.126556 0.297891 -0.129952 -1.053910
879.000000 1.205238 0.569406 -0.700067 -0.101608 -0.297623 0.125749 0.300198 -0.129142 -1.055196
880.000000 1.202250 0.570659 -0.697054 -0.102895 -0.299937 0.124933 0.302514 -0.128323 -1.056498
881.000000 1.199239 0.571904 -0.694017 -0.104174 -0.302260 0.124107 0.304840 -0.127496 -1.057815
882.000000 1.196205 0.573141 -0.690957 -0.105445 -0.304593 0.123273 0.307175 -0.126659 -1.059149
883.000000 1.193147 0.574370 -0.687874 -0.106707 -0.306935 0.122429 0.309519 -0.125813 -1.060499
884.000000 1.190066 0.575590 -0.684767 -0.107961 -0.309287 0.121576 0.311874 -0.124958 -1.061865
885.000000 1.186961 0.576801 -0.681636 -0.109206 -0.311648 0.120714 0.314238 -0.124093 -1.063248
886.000000 1.183833 0.578004 -0.678482 -0.110443 -0.314020 0.119842 0.316612 -0.123218 -1.064647
887.000000 1.180681 0.579198 -0.675304 -0.111671 -0.316402 0.118960 0.318996 -0.122334 -1.066062
888.000000 1.177505 0.580383 -0.672102 -0.112890 -0.318794 0.118068 0.321391 -0.121439 -1.067495
889.000000 1.174305 0.581559 -0.668876 -0.114100 -0.321197 0.117165 0.323796 -0.120534 -1.068944
890.000000 1.171081 0.582726 -0.665626 -0.115300 -0.323610 0.116253 0.326212 -0.119619 -1.070410
891.000000 1.167833 0.583884 -0.662352 -0.116492 -0.326034 0.115330 0.328639 -0.118694 -1.071893
892.000000 1.164560 0.585033 -0.659053 -0.117674 -0.328469 0.114397 0.331077 -0.117758 -1.073393
893.000000 1.161263 0.586172 -0.655730 -0.118847 -0.330915 0.113453 0.333525 -0.116811 -1.074910
894.000000 1.157942 0.587302 -0.652383 -0.120010 -0.333372 0.112498 0.335985 -0.115853 -1.076445
895.000000 1.154596 0.588422 -0.649011 -0.121164 -0.335840 0.111532 0.338457 -0.114884 -1.077997
896.000000 1.151225 0.589533 -0.645614 -0.122308 -0.338320 0.110554 0.340940 -0.113904 -1.079567
897.000000 1.147830 0.590633 -0.642192 -0.123442 -0.340812 0.109565 0.343435 -0.112912 -1.081155
898.000000 1.144409 0.591724 -0.638745 -0.124566 -0.343316 0.108565 0.345942 -0.111909 -1.082760
899.000000 1.140963 0.592804 -0.635273 -0.125680 -0.345832 0.107552 0.348461 -0.110893 -1.084383
900.000000 1.137492 0.593875 -0.631776 -0.126784 -0.348360 0.106528 0.350992 -0.109866 -1.086024
901.000000 1.133996 0.594935 -0.628253 -0.127878 -0.350901 0.105491 0.353536 -0.108826 -1.087684
902.000000 1.130474 0.595985 -0.624705 -0.128961 -0.353454 0.104442 0.356092 -0.107774 -1.089361
903.000000 1.126927 0.597024 -0.621131 -0.130033 -0.356021 0.103380 0.358662 -0.106709 -1.091057
904.000000 1.123354 0.598052 -0.617532 -0.131095 -0.358600 0.102306 0.361244 -0.105631 -1.092771
905.000000 1.119755 0.599070 -0.613906 -0.132146 -0.361193 0.101218 0.363840 -0.104539 -1.094504
906.000000 1.116130 0.600077 -0.610255 -0.133186 -0.363799 0.100117 0.366450 -0.103435 -1.096256
907.000000 1.112479 0.601072 -0.606577 -0.134214 -0.366418 0.099002 0.369073 -0.102317 -1.098026
908.000000 1.108801 0.602057 -0.602874 -0.135232 -0.369052 0.097874 0.371710 -0.101185 -1.099815
909.000000 1.105098 0.603030 -0.599143 -0.136238 -0.371700 0.096731 0.374361 -0.100039 -1.101623
910.000000 1.101367 0.603991 -0.595386 -0.137233 -0.374362 0.095575 0.377027 -0.098879 -1.103451
911.000000 1.097610 0.604941 -0.591603 -0.138216 -0.377038 0.094403 0.379707 -0.097703 -1.105297
912.000000 1.093827 0.605879 -0.587792 -0.139187 -0.379730 0.093217 0.382402 -0.096514 -1.107163
913.000000 1.090016 0.606805 -0.583955 -0.140146 -0.382436 0.092016 0.385113 -0.095308 -1.109048
914.000000 1.086178 0.607719 -0.580090 -0.141093 -0.385158 0.090799 0.387838 -0.094088 -1.110953
915.000000 1.082313 0.608621 -0.576198 -0.142028 -0.387895 0.089567 0.390579 -0.092852 -1.112877
916.000000 1.078420 0.609511 -0.572278 -0.142950 -0.390648 0.088319 0.393336 -0.091599 -1.114822
917.000000 1.074500 0.610388 -0.568331 -0.143860 -0.393417 0.087055 0.396109 -0.090331 -1.116785
918.000000 1.070552 0.611252 -0.564356 -0.144757 -0.396202 0.085774 0.398898 -0.089046 -1.118769
919.000000 1.066576 0.612103 -0.560353 -0.145641 -0.399003 0.084476 0.401704 -0.087743 -1.120773
920.000000 1.062571 0.612941 -0.556322 -0.146512 -0.401822 0.083161 0.404527 -0.086424 -1.122797
921.000000 1.058539 0.613766 -0.552263 -0.147369 -0.404658 0.081828 0.407367 -0.085087 -1.124841
922.000000 1.054478 0.614578 -0.548175 -0.148213 -0.407511 0.080477 0.410224 -0.083732 -1.126905
923.000000 1.050389 0.615376 -0.544058 -0.149044 -0.410381 0.079109 0.413099 -0.082358 -1.128989
924.000000 1.046271 0.616160 -0.539913 -0.149860 -0.413270 0.077721 0.415993 -0.080966 -1.131094
925.000000 1.042123 0.616930 -0.535738 -0.150663 -0.416177 0.076315 0.418904 -0.079555 -1.133219
926.000000 1.037947 0.617686 -0.531535 -0.151452 -0.419102 0.074889 0.421834 -0.078124 -1.135365
927.000000 1.033741 0.618428 -0.527302 -0.152226 -0.422046 0.073444 0.424783 -0.076674 -1.137532
928.000000 1.029506 0.619155 -0.523039 -0.152985 -0.425010 0.071978 0.427752 -0.075203 -1.139719
929.000000 1.025241 0.619867 -0.518747 -0.153730 -0.427993 0.070492 0.430739 -0.073711 -1.141926
930.000000 1.020946 0.620565 -0.514424 -0.154459 -0.430996 0.068984 0.433747 -0.072199 -1.144154
931.000000 1.016621 0.621247 -0.510072 -0.155174 -0.434019 0.067456 0.436776 -0.070664 -1.146404
932.000000 1.012266 0.621914 -0.505689 -0.155873 -0.437062 0.065905 0.439824 -0.069108 -1.148673
933.000000 1.007880 0.622565 -0.501275 -0.156556 -0.440127 0.064332 0.442894 -0.067529 -1.150964
934.000000 1.003463 0.623200 -0.496831 -0.157223 -0.443213 0.062736 0.445985 -0.065927 -1.153275
935.000000 0.999015 0.623820 -0.492355 -0.157874 -0.446320 0.061116 0.449098 -0.064302 -1.155608
936.000000 0.994537 0.624423 -0.487849 -0.158509 -0.449450 0.059473 0.452233 -0.062652 -1.157960
937.000000 0.990026 0.625009 -0.483311 -0.159127 -0.452602 0.057805 0.455391 -0.060978 -1.160334
938.000000 0.985485 0.625579 -0.478741 -0.159729 -0.455776 0.056112 0.458572 -0.059278 -1.162729
939.000000 0.980911 0.626131 -0.474139 -0.160313 -0.458974 0.054393 0.461776 -0.057553 -1.165144
940.000000 0.976305 0.626666 -0.469505 -0.160880 -0.462196 0.052649 0.465003 -0.055802 -1.167579
941.000000 0.971667 0.627184 -0.464839 -0.161429 -0.465442 0.050877 0.468255 -0.054024 -1.170036
942.000000 0.966996 0.627684 -0.460140 -0.161960 -0.468712 0.049078 0.471532 -0.052218 -1.172513
943.000000 0.962293 0.628166 -0.455409 -0.162473 -0.472008 0.047251 0.474834 -0.050384 -1.175010
944.000000 0.957556 0.628629 -0.450644 -0.162968 -0.475329 0.045395 0.478161 -0.048520 -1.177527
945.000000 0.952786 0.629073 -0.445845 -0.163444 -0.478676 0.043510 0.481515 -0.046628 -1.180065
946.000000 0.947982 0.629499 -0.441013 -0.163901 -0.482049 0.041595 0.484895 -0.044705 -1.182623
947.000000 0.943145 0.629905 -0.436147 -0.164338 -0.485450 0.039649 0.488302 -0.042751 -1.185200
948.000000 0.938273 0.630292 -0.431247 -0.164756 -0.488877 0.037671 0.491737 -0.040765 -1.187797
949.000000 0.933367 0.630659 -0.426313 -0.165153 -0.492333 0.035661 0.495200 -0.038746 -1.190414
950.000000 0.928426 0.631005 -0.421343 -0.165530 -0.495818 0.033617 0.498691 -0.036694 -1.193050
951.000000 0.923451 0.631331 -0.416339 -0.165887 -0.499331 0.031540 0.502212 -0.034607 -1.195705
952.000000 0.918440 0.631636 -0.411299 -0.166223 -0.502874 0.029427 0.505763 -0.032486 -1.198378
953.000000 0.913393 0.631919 -0.406224 -0.166537 -0.506448 0.027278 0.509344 -0.030328 -1.201070
954.000000 0.908311 0.632181 -0.401112 -0.166829 -0.510052 0.025093 0.512956 -0.028133 -1.203781
955.000000 0.903192 0.632421 -0.395965 -0.167099 -0.513688 0.022870 0.516600 -0.025900 -1.206508
956.000000 0.898037 0.632639 -0.390780 -0.167347 -0.517356 0.020607 0.520276 -0.023628 -1.209253
957.000000 0.892845 0.632833 -0.385559 -0.167572 -0.521056 0.018305 0.523985 -0.021316 -1.212015
958.000000 0.887616 0.633005 -0.380301 -0.167773 -0.524790 0.015962 0.527728 -0.018962 -1.214794
959.000000 0.882349 0.633152 -0.375004 -0.167951 -0.528559 0.013577 0.531505 -0.016566 -1.217588
960.000000 0.877044 0.633276 -0.369670 -0.168105 -0.532362 0.011149 0.535317 -0.014127 -1.220397
961.000000 0.871702 0.633375 -0.364298 -0.168234 -0.536201 0.008676 0.539165 -0.011642 -1.223222
962.000000 0.866320 0.633449 -0.358887 -0.168338 -0.540076 0.006157 0.543049 -0.009111 -1.226060
963.000000 0.860900 0.633498 -0.353437 -0.168416 -0.543988 0.003591 0.546971 -0.006533 -1.228912
964.000000 0.855441 0.633521 -0.347948 -0.168468 -0.547938 0.000977 0.550930 -0.003906 -1.231777
965.000000 0.849941 0.633518 -0.342419 -0.168494 -0.551927 -0.001688 0.554929 -0.001229 -1.234653
966.000000 0.844402 0.633487 -0.336849 -0.168493 -0.555955 -0.004404 0.558967 0.001500 -1.237541
967.000000 0.838822 0.633429 -0.331239 -0.168464 -0.560024 -0.007173 0.563047 0.004283 -1.240438
968.000000 0.833201 0.633344 -0.325588 -0.168407 -0.564134 -0.009996 0.567167 0.007120 -1.243345
969.000000 0.827539 0.633229 -0.319896 -0.168322 -0.568286 -0.012876 0.571330 0.010014 -1.246260
970.000000 0.821835 0.633086 -0.314162 -0.168207 -0.572482 -0.015814 0.575537 0.012967 -1.249182
971.000000 0.816089 0.632913 -0.308385 -0.168062 -0.576722 -0.018811 0.579788 0.015981 -1.252109
972.000000 0.810301 0.632710 -0.302566 -0.167887 -0.581006 -0.021871 0.584084 0.019056 -1.255041
973.000000 0.804469 0.632475 -0.296703 -0.167681 -0.585337 -0.024995 0.588426 0.022196 -1.257976
974.000000 0.798594 0.632210 -0.290797 -0.167443 -0.589715 -0.028184 0.592817 0.025402 -1.260912
975.000000 0.792675 0.631911 -0.284847 -0.167173 -0.594142 -0.031441 0.597256 0.028678 -1.263848
976.000000 0.786711 0.631581 -0.278852 -0.166870 -0.598618 -0.034769 0.601744 0.032024 -1.266783
977.000000 0.780702 0.631216 -0.272812 -0.166533 -0.603144 -0.038170 0.606284 0.035443 -1.269714
978.000000 0.774648 0.630817 -0.266727 -0.166161 -0.607723 -0.041646 0.610875 0.038939 -1.272639
979.000000 0.768548 0.630383 -0.260595 -0.165754 -0.612354 -0.045200 0.615520 0.042513 -1.275557
980.000000 0.762401 0.629913 -0.254416 -0.165311 -0.617040 -0.048835 0.620220 0.046169 -1.278465
981.000000 0.756207 0.629406 -0.248190 -0.164831 -0.621782 -0.052553 0.624975 0.049909 -1.281360
982.000000 0.749965 0.628861 -0.241917 -0.164313 -0.626580 -0.056358 0.629788 0.053736 -1.284241
983.000000 0.743675 0.628278 -0.235595 -0.163756 -0.631437 -0.060253 0.634660 0.057654 -1.287105
984.000000 0.737336 0.627656 -0.229223 -0.163159 -0.636354 -0.064241 0.639592 0.061667 -1.289948
985.000000 0.730948 0.626993 -0.222803 -0.162522 -0.641332 -0.068326 0.644586 0.065777 -1.292768
986.000000 0.724509 0.626289 -0.216332 -0.161844 -0.646373 -0.072511 0.649643 0.069988 -1.295561
987.000000 0.718020 0.625543 -0.209810 -0.161123 -0.651478 -0.076801 0.654765 0.074305 -1.298324
988.000000 0.711480 0.624753 -0.203236 -0.160358 -0.656650 -0.081199 0.659953 0.078731 -1.301053
989.000000 0.704887 0.623919 -0.196611 -0.159548 -0.661889 -0.085710 0.665210 0.083271 -1.303744
990.000000 0.698242 0.623039 -0.189932 -0.158692 -0.667198 -0.090338 0.670536 0.087930 -1.306393
991.000000 0.691543 0.622112 -0.183200 -0.157790 -0.672578 -0.095089 0.675935 0.092713 -1.308995
992.000000 0.684790 0.621136 -0.176414 -0.156838 -0.678031 -0.099967 0.681407 0.097624 -1.311546
993.000000 0.677982 0.620112 -0.169572 -0.155837 -0.683560 -0.104978 0.686954 0.102669 -1.314039
994.000000 0.671119 0.619037 -0.162674 -0.154785 -0.689165 -0.110127 0.692579 0.107854 -1.316471
995.000000 0.664199 0.617909 -0.155720 -0.153680 -0.694850 -0.115421 0.698284 0.113186 -1.318834
996.000000 0.657221 0.616728 -0.148709 -0.152521 -0.700615 -0.120866 0.704070 0.118671 -1.321123
997.000000 0.650186 0.615491 -0.141639 -0.151307 -0.706464 -0.126469 0.709940 0.124315 -1.323330
998.000000 0.643092 0.614198 -0.134510 -0.150035 -0.712399 -0.132237 0.715897 0.130126 -1.325449
999.000000 0.635938 0.612846 -0.127321 -0.148704 -0.718421 -0.138178 0.721941 0.136112 -1.327471
1000.000000 0.628723 0.611434 -0.120071 -0.147313 -0.724533 -0.144300 0.728077 0.142282 -1.329389
