0.000000 0.000000 1.000000 0.000000
0.010000 -0.005000 1.000000 0.000000
0.020000 -0.010000 0.999975 0.000000
0.030000 -0.015000 0.999925 0.000000
0.040000 -0.019999 0.999850 0.000000
0.050000 -0.024999 0.999751 0.000000
0.060000 -0.029997 0.999626 0.000000
0.070000 -0.034995 0.999476 0.000000
0.080000 -0.039993 0.999302 0.000000
0.090000 -0.044989 0.999102 0.000000
0.100000 -0.049985 0.998878 0.000000
0.110000 -0.054979 0.998629 0.000000
0.120000 -0.059972 0.998354 0.000000
0.130000 -0.064964 0.998055 0.000000
0.140000 -0.069954 0.997731 0.000000
0.150000 -0.074943 0.997382 0.000000
0.160000 -0.079930 0.997009 0.000000
0.170000 -0.084915 0.996610 0.000000
0.180000 -0.089898 0.996187 0.000000
0.190000 -0.094879 0.995738 0.000000
0.200000 -0.099857 0.995265 0.000000
0.210000 -0.104834 0.994767 0.000000
0.220000 -0.109807 0.994244 0.000000
0.230000 -0.114779 0.993696 0.000000
0.240000 -0.119747 0.993124 0.000000
0.250000 -0.124713 0.992527 0.000000
0.260000 -0.129675 0.991905 0.000000
0.270000 -0.134635 0.991258 0.000000
0.280000 -0.139591 0.990586 0.000000
0.290000 -0.144544 0.989890 0.000000
0.300000 -0.149493 0.989169 0.000000
0.310000 -0.154439 0.988424 0.000000
0.320000 -0.159381 0.987654 0.000000
0.330000 -0.164319 0.986859 0.000000
0.340000 -0.169254 0.986039 0.000000
0.350000 -0.174184 0.985195 0.000000
0.360000 -0.179110 0.984326 0.000000
0.370000 -0.184031 0.983433 0.000000
0.380000 -0.188949 0.982515 0.000000
0.390000 -0.193861 0.981573 0.000000
0.400000 -0.198769 0.980606 0.000000
0.410000 -0.203672 0.979614 0.000000
0.420000 -0.208570 0.978599 0.000000
0.430000 -0.213463 0.977558 0.000000
0.440000 -0.218351 0.976494 0.000000
0.450000 -0.223233 0.975405 0.000000
0.460000 -0.228110 0.974291 0.000000
0.470000 -0.232982 0.973154 0.000000
0.480000 -0.237847 0.971992 0.000000
0.490000 -0.242707 0.970805 0.000000
0.500000 -0.247561 0.969595 0.000000
0.510000 -0.252409 0.968360 0.000000
0.520000 -0.257251 0.967101 0.000000
0.530000 -0.262086 0.965818 0.000000
0.540000 -0.266915 0.964511 0.000000
0.550000 -0.271738 0.963180 0.000000
0.560000 -0.276554 0.961825 0.000000
0.570000 -0.281363 0.960445 0.000000
0.580000 -0.286165 0.959042 0.000000
0.590000 -0.290960 0.957615 0.000000
0.600000 -0.295748 0.956164 0.000000
0.610000 -0.300529 0.954689 0.000000
0.620000 -0.305303 0.953190 0.000000
0.630000 -0.310068 0.951667 0.000000
0.640000 -0.314827 0.950121 0.000000
0.650000 -0.319577 0.948550 0.000000
0.660000 -0.324320 0.946957 0.000000
0.670000 -0.329055 0.945339 0.000000
0.680000 -0.333781 0.943698 0.000000
0.690000 -0.338500 0.942033 0.000000
0.700000 -0.343210 0.940345 0.000000
0.710000 -0.347912 0.938633 0.000000
0.720000 -0.352605 0.936898 0.000000
0.730000 -0.357289 0.935139 0.000000
0.740000 -0.361965 0.933357 0.000000
0.750000 -0.366632 0.931552 0.000000
0.760000 -0.371290 0.929723 0.000000
0.770000 -0.375938 0.927872 0.000000
0.780000 -0.380577 0.925997 0.000000
0.790000 -0.385207 0.924099 0.000000
0.800000 -0.389828 0.922177 0.000000
0.810000 -0.394439 0.920233 0.000000
0.820000 -0.399040 0.918266 0.000000
0.830000 -0.403631 0.916276 0.000000
0.840000 -0.408213 0.914263 0.000000
0.850000 -0.412784 0.912227 0.000000
0.860000 -0.417345 0.910168 0.000000
0.870000 -0.421896 0.908086 0.000000
0.880000 -0.426436 0.905982 0.000000
0.890000 -0.430966 0.903855 0.000000
0.900000 -0.435485 0.901706 0.000000
0.910000 -0.439994 0.899534 0.000000
0.920000 -0.444491 0.897339 0.000000
0.930000 -0.448978 0.895123 0.000000
0.940000 -0.453454 0.892883 0.000000
0.950000 -0.457918 0.890622 0.000000
0.960000 -0.462371 0.888338 0.000000
0.970000 -0.466813 0.886032 0.000000
0.980000 -0.471243 0.883704 0.000000
0.990000 -0.475661 0.881353 0.000000
1.000000 -0.480068 0.878981 0.000000
1.010000 -0.484463 0.876587 0.000000
1.020000 -0.488846 0.874170 0.000000
1.030000 -0.493217 0.871732 0.000000
1.040000 -0.497575 0.869272 0.000000
1.050000 -0.501922 0.866791 0.000000
1.060000 -0.506256 0.864287 0.000000
1.070000 -0.510577 0.861762 0.000000
1.080000 -0.514886 0.859216 0.000000
1.090000 -0.519182 0.856648 0.000000
1.100000 -0.523465 0.854059 0.000000
1.110000 -0.527735 0.851448 0.000000
1.120000 -0.531993 0.848816 0.000000
1.130000 -0.536237 0.846163 0.000000
1.140000 -0.540467 0.843488 0.000000
1.150000 -0.544685 0.840792 0.000000
1.160000 -0.548889 0.838076 0.000000
1.170000 -0.553079 0.835338 0.000000
1.180000 -0.557256 0.832580 0.000000
1.190000 -0.561419 0.829801 0.000000
1.200000 -0.565568 0.827000 0.000000
1.210000 -0.569703 0.824180 0.000000
1.220000 -0.573823 0.821338 0.000000
1.230000 -0.577930 0.818476 0.000000
1.240000 -0.582023 0.815594 0.000000
1.250000 -0.586100 0.812691 0.000000
1.260000 -0.590164 0.809768 0.000000
1.270000 -0.594213 0.806825 0.000000
1.280000 -0.598247 0.803861 0.000000
1.290000 -0.602266 0.800877 0.000000
1.300000 -0.606270 0.797873 0.000000
1.310000 -0.610260 0.794850 0.000000
1.320000 -0.614234 0.791806 0.000000
1.330000 -0.618193 0.788743 0.000000
1.340000 -0.622137 0.785659 0.000000
1.350000 -0.626065 0.782557 0.000000
1.360000 -0.629978 0.779434 0.000000
1.370000 -0.633875 0.776292 0.000000
1.380000 -0.637756 0.773131 0.000000
1.390000 -0.641622 0.769950 0.000000
1.400000 -0.645472 0.766750 0.000000
1.410000 -0.649305 0.763530 0.000000
1.420000 -0.653123 0.760292 0.000000
1.430000 -0.656924 0.757035 0.000000
1.440000 -0.660710 0.753758 0.000000
1.450000 -0.664478 0.750463 0.000000
1.460000 -0.668231 0.747149 0.000000
1.470000 -0.671966 0.743816 0.000000
1.480000 -0.675685 0.740465 0.000000
1.490000 -0.679388 0.737095 0.000000
1.500000 -0.683073 0.733706 0.000000
1.510000 -0.686742 0.730300 0.000000
1.520000 -0.690393 0.726874 0.000000
1.530000 -0.694028 0.723431 0.000000
1.540000 -0.697645 0.719970 0.000000
1.550000 -0.701244 0.716490 0.000000
1.560000 -0.704827 0.712993 0.000000
1.570000 -0.708392 0.709477 0.000000
1.580000 -0.711939 0.705944 0.000000
1.590000 -0.715469 0.702394 0.000000
1.600000 -0.718981 0.698825 0.000000
1.610000 -0.722475 0.695239 0.000000
1.620000 -0.725951 0.691636 0.000000
1.630000 -0.729409 0.688015 0.000000
1.640000 -0.732849 0.684377 0.000000
1.650000 -0.736271 0.680722 0.000000
1.660000 -0.739675 0.677050 0.000000
1.670000 -0.743060 0.673361 0.000000
1.680000 -0.746427 0.669655 0.000000
1.690000 -0.749775 0.665932 0.000000
1.700000 -0.753105 0.662193 0.000000
1.710000 -0.756416 0.658437 0.000000
1.720000 -0.759708 0.654664 0.000000
1.730000 -0.762981 0.650875 0.000000
1.740000 -0.766235 0.647070 0.000000
1.750000 -0.769471 0.643248 0.000000
1.760000 -0.772687 0.639411 0.000000
1.770000 -0.775884 0.635557 0.000000
1.780000 -0.779062 0.631687 0.000000
1.790000 -0.782220 0.627802 0.000000
1.800000 -0.785359 0.623900 0.000000
1.810000 -0.788479 0.619983 0.000000
1.820000 -0.791579 0.616051 0.000000
1.830000 -0.794659 0.612103 0.000000
1.840000 -0.797719 0.608139 0.000000
1.850000 -0.800760 0.604161 0.000000
1.860000 -0.803781 0.600167 0.000000
1.870000 -0.806782 0.596158 0.000000
1.880000 -0.809762 0.592134 0.000000
1.890000 -0.812723 0.588096 0.000000
1.900000 -0.815664 0.584042 0.000000
1.910000 -0.818584 0.579974 0.000000
1.920000 -0.821484 0.575892 0.000000
1.930000 -0.824363 0.571795 0.000000
1.940000 -0.827222 0.567683 0.000000
1.950000 -0.830060 0.563557 0.000000
1.960000 -0.832878 0.559417 0.000000
1.970000 -0.835675 0.555263 0.000000
1.980000 -0.838452 0.551096 0.000000
1.990000 -0.841207 0.546914 0.000000
2.000000 -0.843942 0.542718 0.000000
2.010000 -0.846655 0.538509 0.000000
2.020000 -0.849348 0.534286 0.000000
2.030000 -0.852019 0.530050 0.000000
2.040000 -0.854669 0.525801 0.000000
2.050000 -0.857298 0.521538 0.000000
2.060000 -0.859906 0.517263 0.000000
2.070000 -0.862492 0.512974 0.000000
2.080000 -0.865057 0.508672 0.000000
2.090000 -0.867600 0.504358 0.000000
2.100000 -0.870122 0.500031 0.000000
2.110000 -0.872622 0.495691 0.000000
2.120000 -0.875101 0.491339 0.000000
2.130000 -0.877557 0.486974 0.000000
2.140000 -0.879992 0.482597 0.000000
2.150000 -0.882405 0.478208 0.000000
2.160000 -0.884796 0.473807 0.000000
2.170000 -0.887165 0.469395 0.000000
2.180000 -0.889512 0.464970 0.000000
2.190000 -0.891837 0.460533 0.000000
2.200000 -0.894140 0.456085 0.000000
2.210000 -0.896420 0.451626 0.000000
2.220000 -0.898678 0.447155 0.000000
2.230000 -0.900914 0.442673 0.000000
2.240000 -0.903127 0.438180 0.000000
2.250000 -0.905318 0.433675 0.000000
2.260000 -0.907487 0.429160 0.000000
2.270000 -0.909632 0.424634 0.000000
2.280000 -0.911756 0.420097 0.000000
2.290000 -0.913856 0.415550 0.000000
2.300000 -0.915934 0.410992 0.000000
2.310000 -0.917989 0.406424 0.000000
2.320000 -0.920021 0.401845 0.000000
2.330000 -0.922030 0.397257 0.000000
2.340000 -0.924016 0.392658 0.000000
2.350000 -0.925980 0.388050 0.000000
2.360000 -0.927920 0.383432 0.000000
2.370000 -0.929837 0.378804 0.000000
2.380000 -0.931731 0.374166 0.000000
2.390000 -0.933602 0.369519 0.000000
2.400000 -0.935449 0.364863 0.000000
2.410000 -0.937274 0.360197 0.000000
2.420000 -0.939075 0.355523 0.000000
2.430000 -0.940852 0.350839 0.000000
2.440000 -0.942606 0.346147 0.000000
2.450000 -0.944337 0.341445 0.000000
2.460000 -0.946044 0.336735 0.000000
2.470000 -0.947728 0.332017 0.000000
2.480000 -0.949388 0.327290 0.000000
2.490000 -0.951025 0.322555 0.000000
2.500000 -0.952637 0.317812 0.000000
2.510000 -0.954226 0.313061 0.000000
2.520000 -0.955792 0.308302 0.000000
2.530000 -0.957333 0.303535 0.000000
2.540000 -0.958851 0.298760 0.000000
2.550000 -0.960345 0.293978 0.000000
2.560000 -0.961815 0.289188 0.000000
2.570000 -0.963260 0.284391 0.000000
2.580000 -0.964682 0.279587 0.000000
2.590000 -0.966080 0.274775 0.000000
2.600000 -0.967454 0.269957 0.000000
2.610000 -0.968804 0.265132 0.000000
2.620000 -0.970130 0.260300 0.000000
2.630000 -0.971431 0.255462 0.000000
2.640000 -0.972708 0.250617 0.000000
2.650000 -0.973962 0.245765 0.000000
2.660000 -0.975190 0.240908 0.000000
2.670000 -0.976395 0.236044 0.000000
2.680000 -0.977575 0.231174 0.000000
2.690000 -0.978731 0.226299 0.000000
2.700000 -0.979862 0.221417 0.000000
2.710000 -0.980970 0.216530 0.000000
2.720000 -0.982052 0.211638 0.000000
2.730000 -0.983110 0.206740 0.000000
2.740000 -0.984144 0.201836 0.000000
2.750000 -0.985153 0.196928 0.000000
2.760000 -0.986138 0.192015 0.000000
2.770000 -0.987098 0.187096 0.000000
2.780000 -0.988033 0.182173 0.000000
2.790000 -0.988944 0.177245 0.000000
2.800000 -0.989830 0.172313 0.000000
2.810000 -0.990692 0.167376 0.000000
2.820000 -0.991529 0.162435 0.000000
2.830000 -0.992341 0.157490 0.000000
2.840000 -0.993129 0.152541 0.000000
2.850000 -0.993891 0.147588 0.000000
2.860000 -0.994629 0.142631 0.000000
2.870000 -0.995342 0.137670 0.000000
2.880000 -0.996031 0.132706 0.000000
2.890000 -0.996694 0.127738 0.000000
2.900000 -0.997333 0.122767 0.000000
2.910000 -0.997947 0.117793 0.000000
2.920000 -0.998536 0.112816 0.000000
2.930000 -0.999100 0.107835 0.000000
2.940000 -0.999639 0.102852 0.000000
2.950000 -1.000153 0.097867 0.000000
2.960000 -1.000642 0.092879 0.000000
2.970000 -1.001107 0.087888 0.000000
2.980000 -1.001546 0.082895 0.000000
2.990000 -1.001961 0.077900 0.000000
3.000000 -1.002350 0.072902 0.000000
3.010000 -1.002715 0.067903 0.000000
3.020000 -1.003054 0.062902 0.000000
3.030000 -1.003369 0.057900 0.000000
3.040000 -1.003658 0.052895 0.000000
3.050000 -1.003923 0.047890 0.000000
3.060000 -1.004162 0.042883 0.000000
3.070000 -1.004377 0.037874 0.000000
3.080000 -1.004566 0.032865 0.000000
3.090000 -1.004730 0.027855 0.000000
3.100000 -1.004870 0.022844 0.000000
3.110000 -1.004984 0.017832 0.000000
3.120000 -1.005073 0.012820 0.000000
3.130000 -1.005137 0.007807 0.000000
3.140000 -1.005176 0.002794 0.000000
3.150000 -1.005190 -0.002219 0.000000
3.160000 -1.005179 -0.007233 0.000000
3.170000 -1.005143 -0.012246 0.000000
3.180000 -1.005082 -0.017259 0.000000
3.190000 -1.004995 -0.022272 0.000000
3.200000 -1.004884 -0.027284 0.000000
3.210000 -1.004748 -0.032296 0.000000
3.220000 -1.004586 -0.037307 0.000000
3.230000 -1.004400 -0.042318 0.000000
3.240000 -1.004188 -0.047327 0.000000
3.250000 -1.003951 -0.052336 0.000000
3.260000 -1.003690 -0.057343 0.000000
3.270000 -1.003403 -0.062349 0.000000
3.280000 -1.003091 -0.067353 0.000000
3.290000 -1.002754 -0.072356 0.000000
3.300000 -1.002393 -0.077357 0.000000
3.310000 -1.002006 -0.082357 0.000000
3.320000 -1.001594 -0.087354 0.000000
3.330000 -1.001157 -0.092349 0.000000
3.340000 -1.000696 -0.097343 0.000000
3.350000 -1.000209 -0.102334 0.000000
3.360000 -0.999697 -0.107322 0.000000
3.370000 -0.999161 -0.112308 0.000000
3.380000 -0.998599 -0.117291 0.000000
3.390000 -0.998013 -0.122272 0.000000
3.400000 -0.997401 -0.127249 0.000000
3.410000 -0.996765 -0.132224 0.000000
3.420000 -0.996104 -0.137195 0.000000
3.430000 -0.995418 -0.142163 0.000000
3.440000 -0.994707 -0.147128 0.000000
3.450000 -0.993971 -0.152089 0.000000
3.460000 -0.993211 -0.157046 0.000000
3.470000 -0.992426 -0.162000 0.000000
3.480000 -0.991616 -0.166950 0.000000
3.490000 -0.990781 -0.171895 0.000000
3.500000 -0.989922 -0.176837 0.000000
3.510000 -0.989037 -0.181774 0.000000
3.520000 -0.988129 -0.186707 0.000000
3.530000 -0.987195 -0.191635 0.000000
3.540000 -0.986237 -0.196559 0.000000
3.550000 -0.985254 -0.201477 0.000000
3.560000 -0.984247 -0.206391 0.000000
3.570000 -0.983215 -0.211300 0.000000
3.580000 -0.982158 -0.216204 0.000000
3.590000 -0.981077 -0.221103 0.000000
3.600000 -0.979972 -0.225996 0.000000
3.610000 -0.978842 -0.230883 0.000000
3.620000 -0.977687 -0.235765 0.000000
3.630000 -0.976509 -0.240641 0.000000
3.640000 -0.975305 -0.245512 0.000000
3.650000 -0.974078 -0.250376 0.000000
3.660000 -0.972826 -0.255234 0.000000
3.670000 -0.971550 -0.260086 0.000000
3.680000 -0.970249 -0.264932 0.000000
3.690000 -0.968925 -0.269771 0.000000
3.700000 -0.967576 -0.274603 0.000000
3.710000 -0.966203 -0.279429 0.000000
3.720000 -0.964806 -0.284248 0.000000
3.730000 -0.963384 -0.289060 0.000000
3.740000 -0.961939 -0.293865 0.000000
3.750000 -0.960470 -0.298662 0.000000
3.760000 -0.958977 -0.303453 0.000000
3.770000 -0.957459 -0.308235 0.000000
3.780000 -0.955918 -0.313011 0.000000
3.790000 -0.954353 -0.317778 0.000000
3.800000 -0.952764 -0.322538 0.000000
3.810000 -0.951151 -0.327290 0.000000
3.820000 -0.949515 -0.332034 0.000000
3.830000 -0.947855 -0.336770 0.000000
3.840000 -0.946171 -0.341497 0.000000
3.850000 -0.944464 -0.346216 0.000000
3.860000 -0.942733 -0.350926 0.000000
3.870000 -0.940978 -0.355628 0.000000
3.880000 -0.939200 -0.360321 0.000000
3.890000 -0.937398 -0.365006 0.000000
3.900000 -0.935573 -0.369681 0.000000
3.910000 -0.933725 -0.374347 0.000000
3.920000 -0.931853 -0.379004 0.000000
3.930000 -0.929958 -0.383652 0.000000
3.940000 -0.928040 -0.388290 0.000000
3.950000 -0.926098 -0.392918 0.000000
3.960000 -0.924134 -0.397537 0.000000
3.970000 -0.922146 -0.402146 0.000000
3.980000 -0.920135 -0.406745 0.000000
3.990000 -0.918102 -0.411335 0.000000
4.000000 -0.916045 -0.415914 0.000000
4.010000 -0.913965 -0.420482 0.000000
4.020000 -0.911863 -0.425041 0.000000
4.030000 -0.909738 -0.429589 0.000000
4.040000 -0.907590 -0.434126 0.000000
4.050000 -0.905419 -0.438652 0.000000
4.060000 -0.903226 -0.443168 0.000000
4.070000 -0.901010 -0.447673 0.000000
4.080000 -0.898772 -0.452167 0.000000
4.090000 -0.896511 -0.456649 0.000000
4.100000 -0.894228 -0.461121 0.000000
4.110000 -0.891922 -0.465581 0.000000
4.120000 -0.889594 -0.470029 0.000000
4.130000 -0.887244 -0.474466 0.000000
4.140000 -0.884872 -0.478891 0.000000
4.150000 -0.882477 -0.483304 0.000000
4.160000 -0.880061 -0.487706 0.000000
4.170000 -0.877622 -0.492095 0.000000
4.180000 -0.875162 -0.496472 0.000000
4.190000 -0.872680 -0.500837 0.000000
4.200000 -0.870175 -0.505189 0.000000
4.210000 -0.867650 -0.509529 0.000000
4.220000 -0.865102 -0.513857 0.000000
4.230000 -0.862533 -0.518171 0.000000
4.240000 -0.859942 -0.522473 0.000000
4.250000 -0.857329 -0.526762 0.000000
4.260000 -0.854696 -0.531038 0.000000
4.270000 -0.852040 -0.535301 0.000000
4.280000 -0.849364 -0.539550 0.000000
4.290000 -0.846666 -0.543786 0.000000
4.300000 -0.843947 -0.548009 0.000000
4.310000 -0.841207 -0.552218 0.000000
4.320000 -0.838446 -0.556414 0.000000
4.330000 -0.835664 -0.560596 0.000000
4.340000 -0.832861 -0.564763 0.000000
4.350000 -0.830037 -0.568917 0.000000
4.360000 -0.827193 -0.573057 0.000000
4.370000 -0.824328 -0.577183 0.000000
4.380000 -0.821442 -0.581294 0.000000
4.390000 -0.818535 -0.585391 0.000000
4.400000 -0.815608 -0.589473 0.000000
4.410000 -0.812661 -0.593541 0.000000
4.420000 -0.809693 -0.597594 0.000000
4.430000 -0.806705 -0.601633 0.000000
4.440000 -0.803697 -0.605656 0.000000
4.450000 -0.800669 -0.609664 0.000000
4.460000 -0.797621 -0.613658 0.000000
4.470000 -0.794552 -0.617636 0.000000
4.480000 -0.791464 -0.621599 0.000000
4.490000 -0.788356 -0.625546 0.000000
4.500000 -0.785229 -0.629478 0.000000
4.510000 -0.782081 -0.633394 0.000000
4.520000 -0.778914 -0.637295 0.000000
4.530000 -0.775728 -0.641180 0.000000
4.540000 -0.772522 -0.645049 0.000000
4.550000 -0.769297 -0.648901 0.000000
4.560000 -0.766052 -0.652738 0.000000
4.570000 -0.762788 -0.656559 0.000000
4.580000 -0.759506 -0.660363 0.000000
4.590000 -0.756204 -0.664151 0.000000
4.600000 -0.752883 -0.667923 0.000000
4.610000 -0.749544 -0.671678 0.000000
4.620000 -0.746185 -0.675416 0.000000
4.630000 -0.742808 -0.679138 0.000000
4.640000 -0.739412 -0.682843 0.000000
4.650000 -0.735998 -0.686530 0.000000
4.660000 -0.732566 -0.690201 0.000000
4.670000 -0.729115 -0.693855 0.000000
4.680000 -0.725645 -0.697491 0.000000
4.690000 -0.722158 -0.701110 0.000000
4.700000 -0.718652 -0.704712 0.000000
4.710000 -0.715129 -0.708296 0.000000
4.720000 -0.711587 -0.711863 0.000000
4.730000 -0.708028 -0.715412 0.000000
4.740000 -0.704451 -0.718943 0.000000
4.750000 -0.700856 -0.722457 0.000000
4.760000 -0.697244 -0.725952 0.000000
4.770000 -0.693614 -0.729430 0.000000
4.780000 -0.689967 -0.732889 0.000000
4.790000 -0.686303 -0.736330 0.000000
4.800000 -0.682621 -0.739753 0.000000
4.810000 -0.678923 -0.743158 0.000000
4.820000 -0.675207 -0.746544 0.000000
4.830000 -0.671474 -0.749911 0.000000
4.840000 -0.667725 -0.753260 0.000000
4.850000 -0.663958 -0.756591 0.000000
4.860000 -0.660175 -0.759902 0.000000
4.870000 -0.656376 -0.763195 0.000000
4.880000 -0.652560 -0.766468 0.000000
4.890000 -0.648728 -0.769723 0.000000
4.900000 -0.644879 -0.772958 0.000000
4.910000 -0.641014 -0.776175 0.000000
4.920000 -0.637133 -0.779372 0.000000
4.930000 -0.633237 -0.782550 0.000000
4.940000 -0.629324 -0.785708 0.000000
4.950000 -0.625395 -0.788846 0.000000
4.960000 -0.621451 -0.791966 0.000000
4.970000 -0.617491 -0.795065 0.000000
4.980000 -0.613516 -0.798145 0.000000
4.990000 -0.609525 -0.801205 0.000000
5.000000 -0.605519 -0.804245 0.000000
5.010000 -0.601498 -0.807265 0.000000
5.020000 -0.597462 -0.810265 0.000000
5.030000 -0.593410 -0.813244 0.000000
5.040000 -0.589344 -0.816204 0.000000
5.050000 -0.585263 -0.819143 0.000000
5.060000 -0.581168 -0.822062 0.000000
5.070000 -0.577057 -0.824961 0.000000
5.080000 -0.572933 -0.827839 0.000000
5.090000 -0.568793 -0.830697 0.000000
5.100000 -0.564640 -0.833533 0.000000
5.110000 -0.560472 -0.836349 0.000000
5.120000 -0.556291 -0.839145 0.000000
5.130000 -0.552095 -0.841919 0.000000
5.140000 -0.547885 -0.844673 0.000000
5.150000 -0.543662 -0.847405 0.000000
5.160000 -0.539425 -0.850117 0.000000
5.170000 -0.535174 -0.852807 0.000000
5.180000 -0.530910 -0.855476 0.000000
5.190000 -0.526633 -0.858124 0.000000
5.200000 -0.522342 -0.860751 0.000000
5.210000 -0.518039 -0.863356 0.000000
5.220000 -0.513722 -0.865940 0.000000
5.230000 -0.509392 -0.868502 0.000000
5.240000 -0.505050 -0.871043 0.000000
5.250000 -0.500695 -0.873561 0.000000
5.260000 -0.496327 -0.876059 0.000000
5.270000 -0.491947 -0.878534 0.000000
5.280000 -0.487554 -0.880988 0.000000
5.290000 -0.483149 -0.883419 0.000000
5.300000 -0.478732 -0.885829 0.000000
5.310000 -0.474303 -0.888217 0.000000
5.320000 -0.469862 -0.890582 0.000000
5.330000 -0.465409 -0.892926 0.000000
5.340000 -0.460944 -0.895247 0.000000
5.350000 -0.456468 -0.897546 0.000000
5.360000 -0.451980 -0.899822 0.000000
5.370000 -0.447481 -0.902077 0.000000
5.380000 -0.442971 -0.904308 0.000000
5.390000 -0.438449 -0.906518 0.000000
5.400000 -0.433917 -0.908704 0.000000
5.410000 -0.429373 -0.910869 0.000000
5.420000 -0.424819 -0.913010 0.000000
5.430000 -0.420254 -0.915129 0.000000
5.440000 -0.415678 -0.917225 0.000000
5.450000 -0.411092 -0.919298 0.000000
5.460000 -0.406496 -0.921348 0.000000
5.470000 -0.401889 -0.923376 0.000000
5.480000 -0.397272 -0.925380 0.000000
5.490000 -0.392645 -0.927362 0.000000
5.500000 -0.388009 -0.929320 0.000000
5.510000 -0.383362 -0.931255 0.000000
5.520000 -0.378706 -0.933167 0.000000
5.530000 -0.374040 -0.935056 0.000000
5.540000 -0.369365 -0.936921 0.000000
5.550000 -0.364680 -0.938764 0.000000
5.560000 -0.359986 -0.940582 0.000000
5.570000 -0.355284 -0.942378 0.000000
5.580000 -0.350572 -0.944150 0.000000
5.590000 -0.345851 -0.945898 0.000000
5.600000 -0.341121 -0.947623 0.000000
5.610000 -0.336383 -0.949324 0.000000
5.620000 -0.331637 -0.951002 0.000000
5.630000 -0.326882 -0.952656 0.000000
5.640000 -0.322119 -0.954287 0.000000
5.650000 -0.317347 -0.955893 0.000000
5.660000 -0.312568 -0.957476 0.000000
5.670000 -0.307780 -0.959035 0.000000
5.680000 -0.302985 -0.960570 0.000000
5.690000 -0.298182 -0.962081 0.000000
5.700000 -0.293372 -0.963568 0.000000
5.710000 -0.288554 -0.965031 0.000000
5.720000 -0.283729 -0.966470 0.000000
5.730000 -0.278897 -0.967886 0.000000
5.740000 -0.274057 -0.969277 0.000000
5.750000 -0.269211 -0.970643 0.000000
5.760000 -0.264358 -0.971986 0.000000
5.770000 -0.259498 -0.973305 0.000000
5.780000 -0.254631 -0.974599 0.000000
5.790000 -0.249758 -0.975869 0.000000
5.800000 -0.244879 -0.977114 0.000000
5.810000 -0.239994 -0.978336 0.000000
5.820000 -0.235102 -0.979533 0.000000
5.830000 -0.230204 -0.980705 0.000000
5.840000 -0.225301 -0.981853 0.000000
5.850000 -0.220392 -0.982977 0.000000
5.860000 -0.215477 -0.984076 0.000000
5.870000 -0.210556 -0.985151 0.000000
5.880000 -0.205631 -0.986201 0.000000
5.890000 -0.200700 -0.987227 0.000000
5.900000 -0.195764 -0.988228 0.000000
5.910000 -0.190823 -0.989204 0.000000
5.920000 -0.185877 -0.990156 0.000000
5.930000 -0.180926 -0.991083 0.000000
5.940000 -0.175970 -0.991985 0.000000
5.950000 -0.171010 -0.992863 0.000000
5.960000 -0.166046 -0.993716 0.000000
5.970000 -0.161078 -0.994544 0.000000
5.980000 -0.156105 -0.995347 0.000000
5.990000 -0.151128 -0.996126 0.000000
6.000000 -0.146148 -0.996880 0.000000
6.010000 -0.141163 -0.997608 0.000000
6.020000 -0.136175 -0.998313 0.000000
6.030000 -0.131184 -0.998992 0.000000
6.040000 -0.126189 -0.999646 0.000000
6.050000 -0.121191 -1.000275 0.000000
6.060000 -0.116189 -1.000880 0.000000
6.070000 -0.111185 -1.001459 0.000000
6.080000 -0.106178 -1.002014 0.000000
6.090000 -0.101168 -1.002543 0.000000
6.100000 -0.096155 -1.003048 0.000000
6.110000 -0.091140 -1.003527 0.000000
6.120000 -0.086122 -1.003982 0.000000
6.130000 -0.081102 -1.004412 0.000000
6.140000 -0.076080 -1.004816 0.000000
6.150000 -0.071056 -1.005196 0.000000
6.160000 -0.066030 -1.005550 0.000000
6.170000 -0.061003 -1.005879 0.000000
6.180000 -0.055973 -1.006183 0.000000
6.190000 -0.050942 -1.006463 0.000000
6.200000 -0.045910 -1.006717 0.000000
6.210000 -0.040876 -1.006946 0.000000
6.220000 -0.035842 -1.007150 0.000000
6.230000 -0.030806 -1.007328 0.000000
6.240000 -0.025769 -1.007482 0.000000
6.250000 -0.020732 -1.007610 0.000000
6.260000 -0.015694 -1.007714 0.000000
6.270000 -0.010655 -1.007792 0.000000
6.280000 -0.005617 -1.007845 0.000000
6.290000 -0.000577 -1.007873 0.000000
6.300000 0.004462 -1.007876 0.000000
6.310000 0.009501 -1.007854 0.000000
6.320000 0.014541 -1.007807 0.000000
6.330000 0.019580 -1.007734 0.000000
6.340000 0.024618 -1.007636 0.000000
6.350000 0.029656 -1.007514 0.000000
6.360000 0.034694 -1.007366 0.000000
6.370000 0.039731 -1.007193 0.000000
6.380000 0.044767 -1.006994 0.000000
6.390000 0.049802 -1.006771 0.000000
6.400000 0.054835 -1.006523 0.000000
6.410000 0.059868 -1.006249 0.000000
6.420000 0.064899 -1.005951 0.000000
6.430000 0.069929 -1.005627 0.000000
6.440000 0.074957 -1.005278 0.000000
6.450000 0.079983 -1.004904 0.000000
6.460000 0.085008 -1.004506 0.000000
6.470000 0.090030 -1.004082 0.000000
6.480000 0.095051 -1.003633 0.000000
6.490000 0.100069 -1.003158 0.000000
6.500000 0.105085 -1.002659 0.000000
6.510000 0.110098 -1.002135 0.000000
6.520000 0.115109 -1.001586 0.000000
6.530000 0.120116 -1.001012 0.000000
6.540000 0.125121 -1.000413 0.000000
6.550000 0.130124 -0.999789 0.000000
6.560000 0.135122 -0.999140 0.000000
6.570000 0.140118 -0.998466 0.000000
6.580000 0.145110 -0.997767 0.000000
6.590000 0.150099 -0.997043 0.000000
6.600000 0.155084 -0.996295 0.000000
6.610000 0.160066 -0.995521 0.000000
6.620000 0.165043 -0.994723 0.000000
6.630000 0.170017 -0.993900 0.000000
6.640000 0.174986 -0.993052 0.000000
6.650000 0.179952 -0.992179 0.000000
6.660000 0.184913 -0.991282 0.000000
6.670000 0.189869 -0.990359 0.000000
6.680000 0.194821 -0.989413 0.000000
6.690000 0.199768 -0.988441 0.000000
6.700000 0.204710 -0.987445 0.000000
6.710000 0.209647 -0.986424 0.000000
6.720000 0.214579 -0.985378 0.000000
6.730000 0.219506 -0.984308 0.000000
6.740000 0.224428 -0.983213 0.000000
6.750000 0.229344 -0.982094 0.000000
6.760000 0.234254 -0.980950 0.000000
6.770000 0.239159 -0.979781 0.000000
6.780000 0.244058 -0.978589 0.000000
6.790000 0.248951 -0.977371 0.000000
6.800000 0.253837 -0.976130 0.000000
6.810000 0.258718 -0.974864 0.000000
6.820000 0.263592 -0.973573 0.000000
6.830000 0.268460 -0.972259 0.000000
6.840000 0.273321 -0.970920 0.000000
6.850000 0.278176 -0.969557 0.000000
6.860000 0.283024 -0.968169 0.000000
6.870000 0.287865 -0.966758 0.000000
6.880000 0.292698 -0.965322 0.000000
6.890000 0.297525 -0.963862 0.000000
6.900000 0.302344 -0.962378 0.000000
6.910000 0.307156 -0.960870 0.000000
6.920000 0.311960 -0.959338 0.000000
6.930000 0.316757 -0.957782 0.000000
6.940000 0.321546 -0.956203 0.000000
6.950000 0.326327 -0.954599 0.000000
6.960000 0.331100 -0.952971 0.000000
6.970000 0.335865 -0.951320 0.000000
6.980000 0.340621 -0.949645 0.000000
6.990000 0.345369 -0.947946 0.000000
7.000000 0.350109 -0.946224 0.000000
7.010000 0.354840 -0.944477 0.000000
7.020000 0.359563 -0.942708 0.000000
7.030000 0.364276 -0.940914 0.000000
7.040000 0.368981 -0.939098 0.000000
7.050000 0.373676 -0.937257 0.000000
7.060000 0.378362 -0.935394 0.000000
7.070000 0.383039 -0.933507 0.000000
7.080000 0.387707 -0.931596 0.000000
7.090000 0.392365 -0.929662 0.000000
7.100000 0.397013 -0.927706 0.000000
7.110000 0.401651 -0.925725 0.000000
7.120000 0.406280 -0.923722 0.000000
7.130000 0.410899 -0.921696 0.000000
7.140000 0.415507 -0.919647 0.000000
7.150000 0.420105 -0.917574 0.000000
7.160000 0.424693 -0.915479 0.000000
7.170000 0.429271 -0.913361 0.000000
7.180000 0.433837 -0.911220 0.000000
7.190000 0.438393 -0.909056 0.000000
7.200000 0.442939 -0.906870 0.000000
7.210000 0.447473 -0.904661 0.000000
7.220000 0.451996 -0.902429 0.000000
7.230000 0.456508 -0.900174 0.000000
7.240000 0.461009 -0.897898 0.000000
7.250000 0.465499 -0.895598 0.000000
7.260000 0.469977 -0.893277 0.000000
7.270000 0.474443 -0.890933 0.000000
7.280000 0.478898 -0.888566 0.000000
7.290000 0.483340 -0.886178 0.000000
7.300000 0.487771 -0.883767 0.000000
7.310000 0.492190 -0.881335 0.000000
7.320000 0.496597 -0.878880 0.000000
7.330000 0.500991 -0.876403 0.000000
7.340000 0.505373 -0.873904 0.000000
7.350000 0.509743 -0.871384 0.000000
7.360000 0.514099 -0.868841 0.000000
7.370000 0.518444 -0.866277 0.000000
7.380000 0.522775 -0.863692 0.000000
7.390000 0.527093 -0.861084 0.000000
7.400000 0.531399 -0.858456 0.000000
7.410000 0.535691 -0.855805 0.000000
7.420000 0.539970 -0.853133 0.000000
7.430000 0.544236 -0.850440 0.000000
7.440000 0.548488 -0.847726 0.000000
7.450000 0.552726 -0.844990 0.000000
7.460000 0.556951 -0.842234 0.000000
7.470000 0.561163 -0.839456 0.000000
7.480000 0.565360 -0.836657 0.000000
7.490000 0.569543 -0.833837 0.000000
7.500000 0.573712 -0.830997 0.000000
7.510000 0.577867 -0.828135 0.000000
7.520000 0.582008 -0.825253 0.000000
7.530000 0.586134 -0.822351 0.000000
7.540000 0.590246 -0.819427 0.000000
7.550000 0.594343 -0.816483 0.000000
7.560000 0.598425 -0.813519 0.000000
7.570000 0.602493 -0.810535 0.000000
7.580000 0.606546 -0.807530 0.000000
7.590000 0.610583 -0.804505 0.000000
7.600000 0.614606 -0.801459 0.000000
7.610000 0.618613 -0.798394 0.000000
7.620000 0.622605 -0.795309 0.000000
7.630000 0.626581 -0.792203 0.000000
7.640000 0.630542 -0.789078 0.000000
7.650000 0.634488 -0.785934 0.000000
7.660000 0.638417 -0.782769 0.000000
7.670000 0.642331 -0.779585 0.000000
7.680000 0.646229 -0.776381 0.000000
7.690000 0.650111 -0.773158 0.000000
7.700000 0.653977 -0.769916 0.000000
7.710000 0.657826 -0.766654 0.000000
7.720000 0.661660 -0.763373 0.000000
7.730000 0.665476 -0.760073 0.000000
7.740000 0.669277 -0.756754 0.000000
7.750000 0.673061 -0.753416 0.000000
7.760000 0.676828 -0.750059 0.000000
7.770000 0.680578 -0.746684 0.000000
7.780000 0.684311 -0.743289 0.000000
7.790000 0.688028 -0.739876 0.000000
7.800000 0.691727 -0.736445 0.000000
7.810000 0.695409 -0.732995 0.000000
7.820000 0.699074 -0.729527 0.000000
7.830000 0.702722 -0.726040 0.000000
7.840000 0.706352 -0.722535 0.000000
7.850000 0.709965 -0.719012 0.000000
7.860000 0.713560 -0.715471 0.000000
7.870000 0.717137 -0.711913 0.000000
7.880000 0.720697 -0.708336 0.000000
7.890000 0.724238 -0.704741 0.000000
7.900000 0.727762 -0.701129 0.000000
7.910000 0.731267 -0.697500 0.000000
7.920000 0.734755 -0.693852 0.000000
7.930000 0.738224 -0.690188 0.000000
7.940000 0.741675 -0.686506 0.000000
7.950000 0.745108 -0.682807 0.000000
7.960000 0.748522 -0.679091 0.000000
7.970000 0.751917 -0.675357 0.000000
7.980000 0.755294 -0.671607 0.000000
7.990000 0.758652 -0.667840 0.000000
8.000000 0.761991 -0.664057 0.000000
8.010000 0.765311 -0.660256 0.000000
8.020000 0.768613 -0.656439 0.000000
8.030000 0.771895 -0.652606 0.000000
8.040000 0.775158 -0.648756 0.000000
8.050000 0.778402 -0.644890 0.000000
8.060000 0.781626 -0.641008 0.000000
8.070000 0.784831 -0.637109 0.000000
8.080000 0.788016 -0.633195 0.000000
8.090000 0.791182 -0.629265 0.000000
8.100000 0.794329 -0.625319 0.000000
8.110000 0.797455 -0.621357 0.000000
8.120000 0.800562 -0.617380 0.000000
8.130000 0.803649 -0.613387 0.000000
8.140000 0.806716 -0.609379 0.000000
8.150000 0.809763 -0.605355 0.000000
8.160000 0.812790 -0.601317 0.000000
8.170000 0.815796 -0.597263 0.000000
8.180000 0.818782 -0.593194 0.000000
8.190000 0.821748 -0.589110 0.000000
8.200000 0.824694 -0.585012 0.000000
8.210000 0.827619 -0.580899 0.000000
8.220000 0.830523 -0.576771 0.000000
8.230000 0.833407 -0.572629 0.000000
8.240000 0.836270 -0.568472 0.000000
8.250000 0.839113 -0.564302 0.000000
8.260000 0.841934 -0.560116 0.000000
8.270000 0.844735 -0.555917 0.000000
8.280000 0.847514 -0.551704 0.000000
8.290000 0.850273 -0.547477 0.000000
8.300000 0.853010 -0.543237 0.000000
8.310000 0.855726 -0.538982 0.000000
8.320000 0.858421 -0.534714 0.000000
8.330000 0.861095 -0.530433 0.000000
8.340000 0.863747 -0.526138 0.000000
8.350000 0.866378 -0.521830 0.000000
8.360000 0.868987 -0.517509 0.000000
8.370000 0.871574 -0.513175 0.000000
8.380000 0.874140 -0.508828 0.000000
8.390000 0.876684 -0.504469 0.000000
8.400000 0.879207 -0.500096 0.000000
8.410000 0.881707 -0.495711 0.000000
8.420000 0.884186 -0.491314 0.000000
8.430000 0.886642 -0.486904 0.000000
8.440000 0.889077 -0.482482 0.000000
8.450000 0.891489 -0.478047 0.000000
8.460000 0.893879 -0.473601 0.000000
8.470000 0.896247 -0.469143 0.000000
8.480000 0.898593 -0.464673 0.000000
8.490000 0.900916 -0.460191 0.000000
8.500000 0.903217 -0.455698 0.000000
8.510000 0.905496 -0.451193 0.000000
8.520000 0.907752 -0.446677 0.000000
8.530000 0.909985 -0.442150 0.000000
8.540000 0.912196 -0.437611 0.000000
8.550000 0.914384 -0.433062 0.000000
8.560000 0.916549 -0.428501 0.000000
8.570000 0.918692 -0.423930 0.000000
8.580000 0.920811 -0.419348 0.000000
8.590000 0.922908 -0.414755 0.000000
8.600000 0.924982 -0.410152 0.000000
8.610000 0.927032 -0.405539 0.000000
8.620000 0.929060 -0.400916 0.000000
8.630000 0.931065 -0.396282 0.000000
8.640000 0.933046 -0.391638 0.000000
8.650000 0.935004 -0.386985 0.000000
8.660000 0.936939 -0.382321 0.000000
8.670000 0.938851 -0.377649 0.000000
8.680000 0.940739 -0.372966 0.000000
8.690000 0.942604 -0.368274 0.000000
8.700000 0.944445 -0.363573 0.000000
8.710000 0.946263 -0.358863 0.000000
8.720000 0.948057 -0.354143 0.000000
8.730000 0.949828 -0.349415 0.000000
8.740000 0.951575 -0.344677 0.000000
8.750000 0.953299 -0.339931 0.000000
8.760000 0.954998 -0.335177 0.000000
8.770000 0.956674 -0.330414 0.000000
8.780000 0.958326 -0.325643 0.000000
8.790000 0.959954 -0.320863 0.000000
8.800000 0.961559 -0.316075 0.000000
8.810000 0.963139 -0.311279 0.000000
8.820000 0.964695 -0.306476 0.000000
8.830000 0.966228 -0.301664 0.000000
8.840000 0.967736 -0.296845 0.000000
8.850000 0.969220 -0.292019 0.000000
8.860000 0.970680 -0.287185 0.000000
8.870000 0.972116 -0.282344 0.000000
8.880000 0.973528 -0.277495 0.000000
8.890000 0.974915 -0.272640 0.000000
8.900000 0.976279 -0.267777 0.000000
8.910000 0.977618 -0.262908 0.000000
8.920000 0.978932 -0.258032 0.000000
8.930000 0.980222 -0.253150 0.000000
8.940000 0.981488 -0.248261 0.000000
8.950000 0.982729 -0.243366 0.000000
8.960000 0.983946 -0.238465 0.000000
8.970000 0.985138 -0.233557 0.000000
8.980000 0.986306 -0.228644 0.000000
8.990000 0.987449 -0.223725 0.000000
9.000000 0.988568 -0.218800 0.000000
9.010000 0.989662 -0.213869 0.000000
9.020000 0.990731 -0.208934 0.000000
9.030000 0.991776 -0.203992 0.000000
9.040000 0.992796 -0.199046 0.000000
9.050000 0.993791 -0.194094 0.000000
9.060000 0.994762 -0.189138 0.000000
9.070000 0.995707 -0.184176 0.000000
9.080000 0.996628 -0.179210 0.000000
9.090000 0.997524 -0.174240 0.000000
9.100000 0.998395 -0.169265 0.000000
9.110000 0.999242 -0.164285 0.000000
9.120000 1.000063 -0.159302 0.000000
9.130000 1.000860 -0.154314 0.000000
9.140000 1.001631 -0.149322 0.000000
9.150000 1.002378 -0.144326 0.000000
9.160000 1.003099 -0.139327 0.000000
9.170000 1.003796 -0.134324 0.000000
9.180000 1.004468 -0.129318 0.000000
9.190000 1.005114 -0.124308 0.000000
9.200000 1.005736 -0.119295 0.000000
9.210000 1.006332 -0.114279 0.000000
9.220000 1.006904 -0.109260 0.000000
9.230000 1.007450 -0.104238 0.000000
9.240000 1.007971 -0.099213 0.000000
9.250000 1.008467 -0.094186 0.000000
9.260000 1.008938 -0.089156 0.000000
9.270000 1.009384 -0.084124 0.000000
9.280000 1.009805 -0.079090 0.000000
9.290000 1.010200 -0.074054 0.000000
9.300000 1.010570 -0.069015 0.000000
9.310000 1.010915 -0.063975 0.000000
9.320000 1.011235 -0.058933 0.000000
9.330000 1.011530 -0.053890 0.000000
9.340000 1.011799 -0.048845 0.000000
9.350000 1.012044 -0.043798 0.000000
9.360000 1.012263 -0.038751 0.000000
9.370000 1.012456 -0.033702 0.000000
9.380000 1.012625 -0.028653 0.000000
9.390000 1.012768 -0.023602 0.000000
9.400000 1.012886 -0.018551 0.000000
9.410000 1.012979 -0.013499 0.000000
9.420000 1.013046 -0.008447 0.000000
9.430000 1.013089 -0.003395 0.000000
9.440000 1.013106 0.001658 0.000000
9.450000 1.013097 0.006711 0.000000
9.460000 1.013064 0.011764 0.000000
9.470000 1.013005 0.016816 0.000000
9.480000 1.012921 0.021869 0.000000
9.490000 1.012811 0.026921 0.000000
9.500000 1.012677 0.031972 0.000000
9.510000 1.012517 0.037023 0.000000
9.520000 1.012332 0.042073 0.000000
9.530000 1.012122 0.047122 0.000000
9.540000 1.011886 0.052169 0.000000
9.550000 1.011625 0.057216 0.000000
9.560000 1.011339 0.062262 0.000000
9.570000 1.011028 0.067306 0.000000
9.580000 1.010691 0.072348 0.000000
9.590000 1.010329 0.077389 0.000000
9.600000 1.009942 0.082428 0.000000
9.610000 1.009530 0.087465 0.000000
9.620000 1.009093 0.092500 0.000000
9.630000 1.008631 0.097533 0.000000
9.640000 1.008143 0.102563 0.000000
9.650000 1.007630 0.107591 0.000000
9.660000 1.007092 0.112617 0.000000
9.670000 1.006529 0.117640 0.000000
9.680000 1.005941 0.122660 0.000000
9.690000 1.005328 0.127677 0.000000
9.700000 1.004689 0.132691 0.000000
9.710000 1.004026 0.137702 0.000000
9.720000 1.003337 0.142709 0.000000
9.730000 1.002624 0.147713 0.000000
9.740000 1.001885 0.152714 0.000000
9.750000 1.001122 0.157711 0.000000
9.760000 1.000333 0.162704 0.000000
9.770000 0.999519 0.167693 0.000000
9.780000 0.998681 0.172678 0.000000
9.790000 0.997818 0.177659 0.000000
9.800000 0.996929 0.182636 0.000000
9.810000 0.996016 0.187608 0.000000
9.820000 0.995078 0.192575 0.000000
9.830000 0.994115 0.197538 0.000000
9.840000 0.993128 0.202496 0.000000
9.850000 0.992115 0.207450 0.000000
9.860000 0.991078 0.212398 0.000000
9.870000 0.990016 0.217341 0.000000
9.880000 0.988929 0.222278 0.000000
9.890000 0.987818 0.227211 0.000000
9.900000 0.986682 0.232137 0.000000
9.910000 0.985521 0.237058 0.000000
9.920000 0.984336 0.241974 0.000000
9.930000 0.983126 0.246883 0.000000
9.940000 0.981892 0.251786 0.000000
9.950000 0.980633 0.256683 0.000000
9.960000 0.979349 0.261574 0.000000
9.970000 0.978041 0.266459 0.000000
9.980000 0.976709 0.271337 0.000000
9.990000 0.975352 0.276208 0.000000
10.000000 0.973971 0.281073 0.000000
10.010000 0.972566 0.285930 0.000000
10.020000 0.971136 0.290781 0.000000
10.030000 0.969682 0.295624 0.000000
10.040000 0.968204 0.300461 0.000000
10.050000 0.966702 0.305290 0.000000
10.060000 0.965176 0.310111 0.000000
10.070000 0.963625 0.314925 0.000000
10.080000 0.962050 0.319731 0.000000
10.090000 0.960452 0.324529 0.000000
10.100000 0.958829 0.329319 0.000000
10.110000 0.957183 0.334101 0.000000
10.120000 0.955512 0.338875 0.000000
10.130000 0.953818 0.343641 0.000000
10.140000 0.952100 0.348398 0.000000
10.150000 0.950358 0.353147 0.000000
10.160000 0.948592 0.357886 0.000000
10.170000 0.946802 0.362617 0.000000
10.180000 0.944989 0.367340 0.000000
10.190000 0.943153 0.372053 0.000000
10.200000 0.941292 0.376757 0.000000
10.210000 0.939409 0.381451 0.000000
10.220000 0.937501 0.386137 0.000000
10.230000 0.935571 0.390812 0.000000
10.240000 0.933617 0.395478 0.000000
10.250000 0.931639 0.400135 0.000000
10.260000 0.929639 0.404781 0.000000
10.270000 0.927615 0.409418 0.000000
10.280000 0.925568 0.414044 0.000000
10.290000 0.923497 0.418661 0.000000
10.300000 0.921404 0.423267 0.000000
10.310000 0.919288 0.427862 0.000000
10.320000 0.917149 0.432447 0.000000
10.330000 0.914986 0.437021 0.000000
10.340000 0.912801 0.441585 0.000000
10.350000 0.910593 0.446137 0.000000
10.360000 0.908363 0.450679 0.000000
10.370000 0.906109 0.455209 0.000000
10.380000 0.903833 0.459728 0.000000
10.390000 0.901535 0.464236 0.000000
10.400000 0.899213 0.468733 0.000000
10.410000 0.896870 0.473217 0.000000
10.420000 0.894504 0.477691 0.000000
10.430000 0.892115 0.482152 0.000000
10.440000 0.889705 0.486601 0.000000
10.450000 0.887272 0.491039 0.000000
10.460000 0.884816 0.495464 0.000000
10.470000 0.882339 0.499877 0.000000
10.480000 0.879840 0.504277 0.000000
10.490000 0.877318 0.508666 0.000000
10.500000 0.874775 0.513041 0.000000
10.510000 0.872210 0.517404 0.000000
10.520000 0.869623 0.521754 0.000000
10.530000 0.867014 0.526091 0.000000
10.540000 0.864384 0.530416 0.000000
10.550000 0.861732 0.534727 0.000000
10.560000 0.859058 0.539025 0.000000
10.570000 0.856363 0.543309 0.000000
10.580000 0.853646 0.547580 0.000000
10.590000 0.850908 0.551838 0.000000
10.600000 0.848149 0.556082 0.000000
10.610000 0.845369 0.560312 0.000000
10.620000 0.842567 0.564528 0.000000
10.630000 0.839745 0.568730 0.000000
10.640000 0.836901 0.572919 0.000000
10.650000 0.834036 0.577093 0.000000
10.660000 0.831151 0.581252 0.000000
10.670000 0.828245 0.585398 0.000000
10.680000 0.825318 0.589528 0.000000
10.690000 0.822370 0.593645 0.000000
10.700000 0.819402 0.597746 0.000000
10.710000 0.816413 0.601833 0.000000
10.720000 0.813404 0.605905 0.000000
10.730000 0.810375 0.609962 0.000000
10.740000 0.807325 0.614003 0.000000
10.750000 0.804255 0.618030 0.000000
10.760000 0.801165 0.622041 0.000000
10.770000 0.798055 0.626037 0.000000
10.780000 0.794924 0.630017 0.000000
10.790000 0.791774 0.633982 0.000000
10.800000 0.788604 0.637931 0.000000
10.810000 0.785415 0.641864 0.000000
10.820000 0.782205 0.645781 0.000000
10.830000 0.778977 0.649682 0.000000
10.840000 0.775728 0.653567 0.000000
10.850000 0.772460 0.657436 0.000000
10.860000 0.769173 0.661289 0.000000
10.870000 0.765867 0.665125 0.000000
10.880000 0.762541 0.668945 0.000000
10.890000 0.759196 0.672748 0.000000
10.900000 0.755833 0.676535 0.000000
10.910000 0.752450 0.680304 0.000000
10.920000 0.749049 0.684057 0.000000
10.930000 0.745628 0.687793 0.000000
10.940000 0.742189 0.691512 0.000000
10.950000 0.738732 0.695213 0.000000
10.960000 0.735256 0.698898 0.000000
10.970000 0.731761 0.702565 0.000000
10.980000 0.728249 0.706214 0.000000
10.990000 0.724717 0.709847 0.000000
11.000000 0.721168 0.713461 0.000000
11.010000 0.717601 0.717058 0.000000
11.020000 0.714016 0.720637 0.000000
11.030000 0.710413 0.724198 0.000000
11.040000 0.706792 0.727741 0.000000
11.050000 0.703153 0.731266 0.000000
11.060000 0.699497 0.734773 0.000000
11.070000 0.695823 0.738262 0.000000
11.080000 0.692131 0.741732 0.000000
11.090000 0.688423 0.745184 0.000000
11.100000 0.684697 0.748618 0.000000
11.110000 0.680954 0.752033 0.000000
11.120000 0.677194 0.755429 0.000000
11.130000 0.673417 0.758806 0.000000
11.140000 0.669623 0.762165 0.000000
11.150000 0.665812 0.765505 0.000000
11.160000 0.661984 0.768826 0.000000
11.170000 0.658140 0.772127 0.000000
11.180000 0.654280 0.775410 0.000000
11.190000 0.650403 0.778673 0.000000
11.200000 0.646509 0.781917 0.000000
11.210000 0.642600 0.785141 0.000000
11.220000 0.638674 0.788346 0.000000
11.230000 0.634732 0.791531 0.000000
11.240000 0.630775 0.794697 0.000000
11.250000 0.626801 0.797843 0.000000
11.260000 0.622812 0.800969 0.000000
11.270000 0.618807 0.804076 0.000000
11.280000 0.614787 0.807162 0.000000
11.290000 0.610751 0.810228 0.000000
11.300000 0.606700 0.813274 0.000000
11.310000 0.602634 0.816300 0.000000
11.320000 0.598552 0.819306 0.000000
11.330000 0.594456 0.822291 0.000000
11.340000 0.590344 0.825256 0.000000
11.350000 0.586218 0.828200 0.000000
11.360000 0.582077 0.831124 0.000000
11.370000 0.577921 0.834027 0.000000
11.380000 0.573751 0.836909 0.000000
11.390000 0.569567 0.839771 0.000000
11.400000 0.565368 0.842612 0.000000
11.410000 0.561155 0.845431 0.000000
11.420000 0.556928 0.848230 0.000000
11.430000 0.552687 0.851008 0.000000
11.440000 0.548432 0.853764 0.000000
11.450000 0.544163 0.856499 0.000000
11.460000 0.539880 0.859213 0.000000
11.470000 0.535584 0.861906 0.000000
11.480000 0.531275 0.864577 0.000000
11.490000 0.526952 0.867227 0.000000
11.500000 0.522616 0.869855 0.000000
11.510000 0.518267 0.872462 0.000000
11.520000 0.513904 0.875047 0.000000
11.530000 0.509529 0.877610 0.000000
11.540000 0.505141 0.880151 0.000000
11.550000 0.500740 0.882670 0.000000
11.560000 0.496327 0.885168 0.000000
11.570000 0.491901 0.887643 0.000000
11.580000 0.487463 0.890096 0.000000
11.590000 0.483013 0.892528 0.000000
11.600000 0.478550 0.894937 0.000000
11.610000 0.474075 0.897323 0.000000
11.620000 0.469589 0.899688 0.000000
11.630000 0.465090 0.902030 0.000000
11.640000 0.460580 0.904350 0.000000
11.650000 0.456058 0.906647 0.000000
11.660000 0.451525 0.908921 0.000000
11.670000 0.446981 0.911173 0.000000
11.680000 0.442425 0.913403 0.000000
11.690000 0.437858 0.915609 0.000000
11.700000 0.433280 0.917793 0.000000
11.710000 0.428691 0.919954 0.000000
11.720000 0.424091 0.922092 0.000000
11.730000 0.419481 0.924207 0.000000
11.740000 0.414860 0.926299 0.000000
11.750000 0.410228 0.928368 0.000000
11.760000 0.405586 0.930414 0.000000
11.770000 0.400934 0.932437 0.000000
11.780000 0.396272 0.934437 0.000000
11.790000 0.391600 0.936413 0.000000
11.800000 0.386918 0.938366 0.000000
11.810000 0.382226 0.940296 0.000000
11.820000 0.377525 0.942202 0.000000
11.830000 0.372814 0.944085 0.000000
11.840000 0.368093 0.945945 0.000000
11.850000 0.363364 0.947781 0.000000
11.860000 0.358625 0.949593 0.000000
11.870000 0.353877 0.951381 0.000000
11.880000 0.349120 0.953146 0.000000
11.890000 0.344354 0.954888 0.000000
11.900000 0.339580 0.956605 0.000000
11.910000 0.334797 0.958299 0.000000
11.920000 0.330005 0.959969 0.000000
11.930000 0.325206 0.961614 0.000000
11.940000 0.320398 0.963236 0.000000
11.950000 0.315581 0.964834 0.000000
11.960000 0.310757 0.966408 0.000000
11.970000 0.305925 0.967958 0.000000
11.980000 0.301086 0.969484 0.000000
11.990000 0.296238 0.970986 0.000000
12.000000 0.291383 0.972463 0.000000
12.010000 0.286521 0.973916 0.000000
12.020000 0.281651 0.975345 0.000000
12.030000 0.276775 0.976750 0.000000
12.040000 0.271891 0.978131 0.000000
12.050000 0.267000 0.979487 0.000000
12.060000 0.262103 0.980818 0.000000
12.070000 0.257199 0.982125 0.000000
12.080000 0.252288 0.983408 0.000000
12.090000 0.247371 0.984667 0.000000
12.100000 0.242448 0.985900 0.000000
12.110000 0.237519 0.987109 0.000000
12.120000 0.232583 0.988294 0.000000
12.130000 0.227642 0.989454 0.000000
12.140000 0.222694 0.990589 0.000000
12.150000 0.217741 0.991700 0.000000
12.160000 0.212783 0.992786 0.000000
12.170000 0.207819 0.993847 0.000000
12.180000 0.202850 0.994884 0.000000
12.190000 0.197875 0.995896 0.000000
12.200000 0.192896 0.996882 0.000000
12.210000 0.187912 0.997845 0.000000
12.220000 0.182922 0.998782 0.000000
12.230000 0.177929 0.999694 0.000000
12.240000 0.172930 1.000581 0.000000
12.250000 0.167927 1.001444 0.000000
12.260000 0.162920 1.002281 0.000000
12.270000 0.157909 1.003094 0.000000
12.280000 0.152893 1.003882 0.000000
12.290000 0.147874 1.004644 0.000000
12.300000 0.142851 1.005382 0.000000
12.310000 0.137824 1.006094 0.000000
12.320000 0.132793 1.006782 0.000000
12.330000 0.127759 1.007444 0.000000
12.340000 0.122722 1.008081 0.000000
12.350000 0.117682 1.008693 0.000000
12.360000 0.112638 1.009280 0.000000
12.370000 0.107592 1.009842 0.000000
12.380000 0.102543 1.010378 0.000000
12.390000 0.097491 1.010890 0.000000
12.400000 0.092437 1.011376 0.000000
12.410000 0.087380 1.011837 0.000000
12.420000 0.082321 1.012273 0.000000
12.430000 0.077259 1.012683 0.000000
12.440000 0.072196 1.013069 0.000000
12.450000 0.067131 1.013429 0.000000
12.460000 0.062064 1.013764 0.000000
12.470000 0.056995 1.014073 0.000000
12.480000 0.051924 1.014358 0.000000
12.490000 0.046853 1.014616 0.000000
12.500000 0.041780 1.014850 0.000000
12.510000 0.036705 1.015059 0.000000
12.520000 0.031630 1.015242 0.000000
12.530000 0.026554 1.015399 0.000000
12.540000 0.021477 1.015532 0.000000
12.550000 0.016399 1.015639 0.000000
12.560000 0.011321 1.015721 0.000000
12.570000 0.006243 1.015777 0.000000
12.580000 0.001164 1.015808 0.000000
12.590000 -0.003915 1.015814 0.000000
12.600000 -0.008994 1.015795 0.000000
12.610000 -0.014073 1.015750 0.000000
12.620000 -0.019152 1.015680 0.000000
12.630000 -0.024230 1.015584 0.000000
12.640000 -0.029308 1.015463 0.000000
12.650000 -0.034385 1.015317 0.000000
12.660000 -0.039462 1.015145 0.000000
12.670000 -0.044538 1.014949 0.000000
12.680000 -0.049612 1.014727 0.000000
12.690000 -0.054686 1.014479 0.000000
12.700000 -0.059758 1.014206 0.000000
12.710000 -0.064829 1.013908 0.000000
12.720000 -0.069899 1.013585 0.000000
12.730000 -0.074967 1.013236 0.000000
12.740000 -0.080033 1.012862 0.000000
12.750000 -0.085097 1.012463 0.000000
12.760000 -0.090160 1.012039 0.000000
12.770000 -0.095220 1.011589 0.000000
12.780000 -0.100278 1.011114 0.000000
12.790000 -0.105333 1.010614 0.000000
12.800000 -0.110386 1.010089 0.000000
12.810000 -0.115437 1.009538 0.000000
12.820000 -0.120484 1.008963 0.000000
12.830000 -0.125529 1.008362 0.000000
12.840000 -0.130571 1.007736 0.000000
12.850000 -0.135609 1.007084 0.000000
12.860000 -0.140645 1.006408 0.000000
12.870000 -0.145677 1.005707 0.000000
12.880000 -0.150705 1.004980 0.000000
12.890000 -0.155730 1.004228 0.000000
12.900000 -0.160751 1.003452 0.000000
12.910000 -0.165769 1.002650 0.000000
12.920000 -0.170782 1.001823 0.000000
12.930000 -0.175791 1.000971 0.000000
12.940000 -0.180796 1.000095 0.000000
12.950000 -0.185796 0.999193 0.000000
12.960000 -0.190792 0.998266 0.000000
12.970000 -0.195783 0.997315 0.000000
12.980000 -0.200770 0.996338 0.000000
12.990000 -0.205752 0.995337 0.000000
13.000000 -0.210728 0.994311 0.000000
13.010000 -0.215700 0.993260 0.000000
13.020000 -0.220666 0.992184 0.000000
13.030000 -0.225627 0.991083 0.000000
13.040000 -0.230582 0.989958 0.000000
13.050000 -0.235532 0.988808 0.000000
13.060000 -0.240476 0.987633 0.000000
13.070000 -0.245414 0.986434 0.000000
13.080000 -0.250346 0.985210 0.000000
13.090000 -0.255272 0.983961 0.000000
13.100000 -0.260192 0.982688 0.000000
13.110000 -0.265106 0.981390 0.000000
13.120000 -0.270012 0.980068 0.000000
13.130000 -0.274913 0.978722 0.000000
13.140000 -0.279806 0.977350 0.000000
13.150000 -0.284693 0.975955 0.000000
13.160000 -0.289573 0.974535 0.000000
13.170000 -0.294445 0.973091 0.000000
13.180000 -0.299311 0.971622 0.000000
13.190000 -0.304169 0.970129 0.000000
13.200000 -0.309020 0.968612 0.000000
13.210000 -0.313863 0.967071 0.000000
13.220000 -0.318698 0.965506 0.000000
13.230000 -0.323525 0.963916 0.000000
13.240000 -0.328345 0.962303 0.000000
13.250000 -0.333156 0.960665 0.000000
13.260000 -0.337960 0.959004 0.000000
13.270000 -0.342755 0.957318 0.000000
13.280000 -0.347541 0.955609 0.000000
13.290000 -0.352319 0.953875 0.000000
13.300000 -0.357089 0.952118 0.000000
13.310000 -0.361849 0.950337 0.000000
13.320000 -0.366601 0.948532 0.000000
13.330000 -0.371344 0.946704 0.000000
13.340000 -0.376077 0.944852 0.000000
13.350000 -0.380801 0.942976 0.000000
13.360000 -0.385516 0.941077 0.000000
13.370000 -0.390221 0.939154 0.000000
13.380000 -0.394917 0.937208 0.000000
13.390000 -0.399603 0.935238 0.000000
13.400000 -0.404279 0.933245 0.000000
13.410000 -0.408946 0.931229 0.000000
13.420000 -0.413602 0.929189 0.000000
13.430000 -0.418248 0.927127 0.000000
13.440000 -0.422883 0.925041 0.000000
13.450000 -0.427508 0.922931 0.000000
13.460000 -0.432123 0.920799 0.000000
13.470000 -0.436727 0.918644 0.000000
13.480000 -0.441320 0.916466 0.000000
13.490000 -0.445902 0.914265 0.000000
13.500000 -0.450474 0.912041 0.000000
13.510000 -0.455034 0.909794 0.000000
13.520000 -0.459583 0.907525 0.000000
13.530000 -0.464120 0.905233 0.000000
13.540000 -0.468647 0.902918 0.000000
13.550000 -0.473161 0.900580 0.000000
13.560000 -0.477664 0.898221 0.000000
13.570000 -0.482155 0.895838 0.000000
13.580000 -0.486634 0.893433 0.000000
13.590000 -0.491101 0.891006 0.000000
13.600000 -0.495556 0.888557 0.000000
13.610000 -0.499999 0.886085 0.000000
13.620000 -0.504430 0.883592 0.000000
13.630000 -0.508848 0.881076 0.000000
13.640000 -0.513253 0.878538 0.000000
13.650000 -0.517646 0.875978 0.000000
13.660000 -0.522025 0.873396 0.000000
13.670000 -0.526392 0.870793 0.000000
13.680000 -0.530746 0.868168 0.000000
13.690000 -0.535087 0.865520 0.000000
13.700000 -0.539415 0.862852 0.000000
13.710000 -0.543729 0.860161 0.000000
13.720000 -0.548030 0.857450 0.000000
13.730000 -0.552317 0.854716 0.000000
13.740000 -0.556590 0.851962 0.000000
13.750000 -0.560850 0.849186 0.000000
13.760000 -0.565096 0.846388 0.000000
13.770000 -0.569328 0.843570 0.000000
13.780000 -0.573546 0.840730 0.000000
13.790000 -0.577750 0.837870 0.000000
13.800000 -0.581939 0.834988 0.000000
13.810000 -0.586114 0.832086 0.000000
13.820000 -0.590274 0.829163 0.000000
13.830000 -0.594420 0.826219 0.000000
13.840000 -0.598551 0.823254 0.000000
13.850000 -0.602667 0.820269 0.000000
13.860000 -0.606769 0.817263 0.000000
13.870000 -0.610855 0.814237 0.000000
13.880000 -0.614926 0.811190 0.000000
13.890000 -0.618982 0.808123 0.000000
13.900000 -0.623023 0.805036 0.000000
13.910000 -0.627048 0.801929 0.000000
13.920000 -0.631057 0.798802 0.000000
13.930000 -0.635051 0.795654 0.000000
13.940000 -0.639030 0.792487 0.000000
13.950000 -0.642992 0.789300 0.000000
13.960000 -0.646938 0.786093 0.000000
13.970000 -0.650869 0.782866 0.000000
13.980000 -0.654783 0.779620 0.000000
13.990000 -0.658681 0.776354 0.000000
14.000000 -0.662563 0.773069 0.000000
14.010000 -0.666428 0.769765 0.000000
14.020000 -0.670277 0.766441 0.000000
14.030000 -0.674109 0.763098 0.000000
14.040000 -0.677925 0.759736 0.000000
14.050000 -0.681723 0.756355 0.000000
14.060000 -0.685505 0.752955 0.000000
14.070000 -0.689270 0.749536 0.000000
14.080000 -0.693018 0.746098 0.000000
14.090000 -0.696748 0.742642 0.000000
14.100000 -0.700461 0.739167 0.000000
14.110000 -0.704157 0.735673 0.000000
14.120000 -0.707835 0.732161 0.000000
14.130000 -0.711496 0.728631 0.000000
14.140000 -0.715139 0.725082 0.000000
14.150000 -0.718765 0.721515 0.000000
14.160000 -0.722372 0.717931 0.000000
14.170000 -0.725962 0.714328 0.000000
14.180000 -0.729533 0.710707 0.000000
14.190000 -0.733087 0.707069 0.000000
14.200000 -0.736622 0.703412 0.000000
14.210000 -0.740139 0.699738 0.000000
14.220000 -0.743638 0.696047 0.000000
14.230000 -0.747118 0.692338 0.000000
14.240000 -0.750580 0.688612 0.000000
14.250000 -0.754023 0.684868 0.000000
14.260000 -0.757447 0.681108 0.000000
14.270000 -0.760853 0.677330 0.000000
14.280000 -0.764239 0.673535 0.000000
14.290000 -0.767607 0.669724 0.000000
14.300000 -0.770956 0.665895 0.000000
14.310000 -0.774285 0.662050 0.000000
14.320000 -0.777595 0.658188 0.000000
14.330000 -0.780886 0.654310 0.000000
14.340000 -0.784158 0.650416 0.000000
14.350000 -0.787410 0.646505 0.000000
14.360000 -0.790642 0.642577 0.000000
14.370000 -0.793855 0.638634 0.000000
14.380000 -0.797048 0.634675 0.000000
14.390000 -0.800222 0.630699 0.000000
14.400000 -0.803375 0.626708 0.000000
14.410000 -0.806509 0.622702 0.000000
14.420000 -0.809622 0.618679 0.000000
14.430000 -0.812716 0.614641 0.000000
14.440000 -0.815789 0.610588 0.000000
14.450000 -0.818842 0.606519 0.000000
14.460000 -0.821874 0.602435 0.000000
14.470000 -0.824886 0.598336 0.000000
14.480000 -0.827878 0.594222 0.000000
14.490000 -0.830849 0.590093 0.000000
14.500000 -0.833800 0.585949 0.000000
14.510000 -0.836729 0.581791 0.000000
14.520000 -0.839638 0.577617 0.000000
14.530000 -0.842526 0.573430 0.000000
14.540000 -0.845393 0.569228 0.000000
14.550000 -0.848240 0.565011 0.000000
14.560000 -0.851065 0.560781 0.000000
14.570000 -0.853869 0.556536 0.000000
14.580000 -0.856651 0.552277 0.000000
14.590000 -0.859413 0.548005 0.000000
14.600000 -0.862153 0.543719 0.000000
14.610000 -0.864871 0.539419 0.000000
14.620000 -0.867568 0.535105 0.000000
14.630000 -0.870244 0.530778 0.000000
14.640000 -0.872898 0.526438 0.000000
14.650000 -0.875530 0.522084 0.000000
14.660000 -0.878140 0.517718 0.000000
14.670000 -0.880729 0.513338 0.000000
14.680000 -0.883295 0.508945 0.000000
14.690000 -0.885840 0.504540 0.000000
14.700000 -0.888363 0.500122 0.000000
14.710000 -0.890863 0.495691 0.000000
14.720000 -0.893342 0.491248 0.000000
14.730000 -0.895798 0.486792 0.000000
14.740000 -0.898232 0.482325 0.000000
14.750000 -0.900644 0.477845 0.000000
14.760000 -0.903033 0.473353 0.000000
14.770000 -0.905400 0.468849 0.000000
14.780000 -0.907744 0.464333 0.000000
14.790000 -0.910065 0.459806 0.000000
14.800000 -0.912364 0.455267 0.000000
14.810000 -0.914641 0.450717 0.000000
14.820000 -0.916894 0.446155 0.000000
14.830000 -0.919125 0.441582 0.000000
14.840000 -0.921333 0.436998 0.000000
14.850000 -0.923518 0.432403 0.000000
14.860000 -0.925680 0.427797 0.000000
14.870000 -0.927819 0.423180 0.000000
14.880000 -0.929935 0.418552 0.000000
14.890000 -0.932028 0.413914 0.000000
14.900000 -0.934097 0.409266 0.000000
14.910000 -0.936144 0.404607 0.000000
14.920000 -0.938167 0.399938 0.000000
14.930000 -0.940166 0.395259 0.000000
14.940000 -0.942142 0.390570 0.000000
14.950000 -0.944095 0.385871 0.000000
14.960000 -0.946025 0.381163 0.000000
14.970000 -0.947930 0.376444 0.000000
14.980000 -0.949813 0.371716 0.000000
14.990000 -0.951671 0.366979 0.000000
15.000000 -0.953506 0.362233 0.000000
